-0.00280812207075
-0.00540211118641
-0.00803771510073
-0.00877290987682
-0.00676152794222
-0.00287748006849
0.00114528380072
0.00502933167445
0.0119790030485
0.0282642609191
0.0598360214926
0.108317261916
0.169574245525
0.235755646973
0.299065627315
0.35427459352
0.398746941674
0.431109383422
0.451361918764
0.461488186435
0.465080930718
0.465538693503
0.00249082895698
0.00207468097051
0.00124238499757
-0.000422206948315
-0.00268327767481
-0.0041814104261
-0.00298845286488
0.0021579105678
0.011840287053
0.0274735797448
0.0522759997384
0.0901454665072
0.142316552411
0.205376843961
0.272029879794
0.33429949017
0.386026684888
0.423646462865
0.446104582535
0.455037892644
0.454746589054
0.451015128775
0.00407219130557
0.0036560433191
0.00206080937096
-0.000241876154178
-0.00246133208202
-0.00380687723828
-0.00358493164549
-0.000866098133883
0.00649972122665
0.0219526831243
0.0495294230277
0.0915881128603
0.146866437063
0.210231903803
0.274360308518
0.332260365036
0.379409931903
0.414199903572
0.437088042828
0.44994701561
0.455301453036
0.456258593405
-0.00354331684684
-0.000671895740197
0.000937209807489
-0.000741253737942
-0.00444497081753
-0.00684475753951
-0.00540211118641
0.00100656780523
0.0135881085962
0.0351029594967
0.0692270943873
0.117902537205
0.179159520813
0.246797440214
0.312410106081
0.36874267185
0.411744630452
0.440555942715
0.456064391011
0.460794606457
0.459143886111
0.456355694601
0.00196370817412
-0.00167065090773
-0.00376526243963
-0.00395946483331
-0.00300232446443
-0.00172613730592
-6.15453600403e-05
0.00440510969474
0.016362428506
0.0411509769001
0.0812815143954
0.134839760254
0.196623864646
0.260655168164
0.321731820978
0.37520683724
0.416780021088
0.443649309414
0.456300208203
0.459032913314
0.457701239758
0.45670248459
