timestamp, temp, humi, 
1567207925.26, 9.272827, 1.543373
1567207926.27, 9.144789, 1.542263
1567207927.27, 9.035906, 1.541905
1567207928.27, 8.885869, 1.542534
1567207929.28, 8.760296, 1.542555
1567207930.28, 8.649207, 1.542504
1567207931.28, 8.540826, 1.540669
1567207932.29, 8.402135, 1.542297
1567207933.29, 8.285784, 1.54294
1567207934.3, 8.149772, 1.543515
1567207935.3, 8.042197, 1.542716
1567207936.31, 7.918601, 1.543465
1567207937.31, 7.84249, 1.542897
1567207938.31, 7.73482, 1.541643
1567207939.31, 7.611156, 1.542364
1567207940.31, 7.490021, 1.542222
1567207941.32, 7.358731, 1.541648
1567207942.32, 7.252145, 1.5412
1567207943.32, 7.126507, 1.541287
1567207944.32, 7.020736, 1.541341
1567207945.33, 6.876928, 1.541999
1567207946.33, 6.769, 1.541446
1567207947.33, 6.637783, 1.541361
1567207948.33, 6.527348, 1.542389
1567207949.33, 6.40714, 1.543567
1567207950.34, 6.289819, 1.541779
1567207951.34, 6.184788, 1.541252
1567207952.34, 6.055819, 1.542004
1567207953.34, 5.949393, 1.541173
1567207954.35, 5.800754, 1.54289
1567207955.35, 5.6837, 1.541587
1567207956.35, 5.581237, 1.541901
1567207957.35, 5.457478, 1.542058
1567207958.35, 5.336408, 1.542051
1567207959.36, 5.236111, 1.543036
1567207960.36, 5.127687, 1.542705
1567207961.36, 5.01151, 1.541511
1567207962.36, 4.892898, 1.542212
1567207963.36, 4.838747, 1.542023
1567207964.37, 4.731634, 1.541746
1567207965.37, 4.605918, 1.541555
1567207966.37, 4.488924, 1.54105
1567207967.37, 4.377164, 1.542161
1567207968.37, 4.289351, 1.541697
1567207969.38, 4.18189, 1.541675
1567207970.38, 4.06776, 1.541756
1567207971.38, 3.942047, 1.541199
1567207972.38, 3.852937, 1.541644
1567207973.38, 3.731412, 1.542213
1567207974.39, 3.633607, 1.540964
1567207975.39, 3.525094, 1.541837
1567207976.39, 3.405257, 1.542057
1567207977.39, 3.309737, 1.542158
1567207978.4, 3.204965, 1.541806
1567207979.4, 3.100862, 1.5419
1567207980.4, 2.989076, 1.543177
1567207981.4, 2.896654, 1.542305
1567207982.4, 2.791426, 1.542003
1567207983.4, 2.698799, 1.542553
1567207984.41, 2.568671, 1.542989
1567207985.41, 2.492303, 1.542431
1567207986.41, 2.39435, 1.54302
1567207987.41, 2.291724, 1.543048
1567207988.42, 2.221981, 1.540959
1567207989.42, 2.119494, 1.541581
1567207990.42, 2.024328, 1.5411
1567207991.42, 1.933221, 1.541443
1567207992.42, 1.832417, 1.542601
1567207993.42, 1.737376, 1.541465
1567207994.43, 1.640676, 1.541676
1567207995.43, 1.550265, 1.542395
1567207996.43, 1.442695, 1.541771
1567207997.43, 1.337939, 1.543019
1567207998.43, 1.244954, 1.542895
1567207999.44, 1.153908, 1.54231
1567208000.44, 1.050913, 1.542361
1567208001.44, 0.964362, 1.542935
1567208002.44, 0.873085, 1.542214
1567208003.44, 0.782492, 1.54218
1567208004.45, 0.687228, 1.542338
1567208005.45, 0.60776, 1.54385
1567208006.45, 0.502786, 1.544692
1567208007.45, 0.376602, 1.544665
1567208008.45, 0.292935, 1.54417
1567208009.46, 0.209628, 1.543662
1567208010.46, 0.11727, 1.543692
1567208011.46, 0.018222, 1.544933
1567208012.46, -0.081096, 1.544902
1567208013.46, -0.153741, 1.544769
1567208014.47, -0.236186, 1.544669
1567208015.47, -0.325062, 1.544307
1567208016.47, -0.37517, 1.543565
1567208017.47, -0.46129, 1.544101
1567208018.48, -0.553109, 1.543371
1567208019.48, -0.642642, 1.544309
1567208020.48, -0.729533, 1.543158
1567208021.48, -0.822731, 1.544359
1567208022.48, -0.902885, 1.544906
1567208023.48, -0.971642, 1.545951
1567208024.49, -1.07556, 1.545966
1567208025.49, -1.165245, 1.545986
1567208026.49, -1.259718, 1.549575
1567208027.49, -1.361691, 1.548916
1567208028.5, -1.448702, 1.549613
1567208029.5, -1.536223, 1.550693
1567208030.5, -1.6091, 1.55025
1567208031.5, -1.693264, 1.551479
1567208032.5, -1.787166, 1.552137
1567208033.51, -1.893067, 1.552984
1567208034.51, -1.958296, 1.554214
1567208035.51, -2.046704, 1.553857
1567208036.51, -2.124825, 1.55365
1567208037.52, -2.208939, 1.55546
1567208038.52, -2.300402, 1.555726
1567208039.52, -2.379743, 1.556476
1567208040.52, -2.458425, 1.557367
1567208041.52, -2.560428, 1.559468
1567208042.53, -2.635515, 1.561787
1567208043.53, -2.689774, 1.561435
1567208044.53, -2.759594, 1.565624
1567208045.53, -2.852875, 1.569152
1567208046.53, -2.934549, 1.571072
1567208047.54, -3.010377, 1.575569
1567208048.54, -3.091175, 1.584996
1567208049.54, -3.169593, 1.586602
1567208050.54, -3.238241, 1.590673
1567208051.54, -3.341095, 1.603101
1567208052.55, -3.418626, 1.606626
1567208053.55, -3.499047, 1.613977
1567208054.55, -3.579141, 1.622997
1567208055.55, -3.670091, 1.630398
1567208056.55, -3.732498, 1.633153
1567208057.56, -3.79675, 1.638076
1567208058.56, -3.883307, 1.645954
1567208059.56, -3.951769, 1.650509
1567208060.56, -4.049822, 1.650239
1567208061.56, -4.123394, 1.654336
1567208062.57, -4.197247, 1.662462
1567208063.57, -4.28162, 1.668448
1567208064.57, -4.359955, 1.673847
1567208065.57, -4.428083, 1.679303
1567208066.58, -4.502474, 1.686735
1567208067.58, -4.591904, 1.690735
1567208068.58, -4.67367, 1.695803
1567208069.58, -4.750315, 1.702304
1567208070.58, -4.782156, 1.710723
1567208071.58, -4.872585, 1.720918
1567208072.59, -4.960245, 1.729476
1567208073.59, -5.022189, 1.736635
1567208074.59, -5.091932, 1.737422
1567208075.6, -5.184352, 1.742731
1567208076.6, -5.247586, 1.75295
1567208077.6, -5.31181, 1.762523
1567208078.6, -5.386361, 1.773527
1567208079.6, -5.472933, 1.776793
1567208080.6, -5.553042, 1.784203
1567208081.61, -5.624406, 1.798164
1567208082.61, -5.707097, 1.807335
1567208083.61, -5.774951, 1.812489
1567208084.61, -5.862993, 1.815351
1567208085.62, -5.920341, 1.828583
1567208086.62, -5.991324, 1.838145
1567208087.62, -6.073173, 1.838813
1567208088.62, -6.124765, 1.847397
1567208089.62, -6.2096, 1.856063
1567208090.63, -6.280298, 1.86761
1567208091.63, -6.346493, 1.875476
1567208092.63, -6.424934, 1.883787
1567208093.63, -6.499074, 1.888236
1567208094.64, -6.572006, 1.897965
1567208095.64, -6.648993, 1.909705
1567208096.64, -6.726334, 1.916341
1567208097.64, -6.757078, 1.926976
1567208098.64, -6.821117, 1.933201
1567208099.65, -6.899713, 1.945998
1567208100.65, -6.958241, 1.956221
1567208101.65, -7.033589, 1.967948
1567208102.65, -7.11141, 1.97544
1567208103.66, -7.183783, 1.982853
1567208104.66, -7.250073, 1.995613
1567208105.66, -7.32535, 2.007265
1567208106.66, -7.387519, 2.019733
1567208107.66, -7.473032, 2.026974
1567208108.66, -7.525995, 2.035391
1567208109.67, -7.594738, 2.048979
1567208110.67, -7.6799, 2.064093
1567208111.67, -7.730997, 2.072307
1567208112.67, -7.785755, 2.080197
1567208113.68, -7.85032, 2.093197
1567208114.68, -7.954886, 2.103569
1567208115.68, -8.00913, 2.117287
1567208116.68, -8.067819, 2.130992
1567208117.68, -8.135204, 2.140181
1567208118.68, -8.209605, 2.154073
1567208119.69, -8.263998, 2.166509
1567208120.69, -8.338097, 2.178411
1567208121.69, -8.399009, 2.189293
1567208122.7, -8.473163, 2.199913
1567208123.7, -8.547326, 2.214618
1567208124.7, -8.612802, 2.226391
1567208125.7, -8.67625, 2.238701
1567208126.7, -8.767208, 2.252183
1567208127.71, -8.805066, 2.265759
1567208128.71, -8.887653, 2.280943
1567208129.71, -8.923359, 2.291781
1567208130.71, -8.990409, 2.307173
1567208131.71, -9.052083, 2.316527
1567208132.72, -9.125622, 2.329151
1567208133.72, -9.18011, 2.341787
1567208134.72, -9.254922, 2.357887
1567208135.72, -9.327778, 2.37245
1567208136.72, -9.38965, 2.38918
1567208137.73, -9.461144, 2.402186
1567208138.73, -9.528442, 2.411391
1567208139.73, -9.59265, 2.425435
1567208140.73, -9.644292, 2.441038
1567208141.74, -9.720001, 2.455062
1567208142.74, -9.775219, 2.469617
1567208143.74, -9.855221, 2.484687
1567208144.74, -9.91532, 2.500308
1567208145.74, -9.999645, 2.516825
1567208146.74, -10.061495, 2.531919
1567208147.75, -10.131304, 2.546095
1567208148.75, -10.202548, 2.561805
1567208149.75, -10.25425, 2.576997
1567208150.75, -10.322079, 2.588632
1567208151.75, -10.395491, 2.602684
1567208152.76, -10.466527, 2.620743
1567208153.76, -10.522319, 2.635345
1567208154.76, -10.573413, 2.650837
1567208155.76, -10.640294, 2.662532
1567208156.77, -10.707546, 2.673915
1567208157.77, -10.792526, 2.691607
1567208158.77, -10.858165, 2.705735
1567208159.77, -10.90752, 2.724741
1567208160.77, -10.976425, 2.737058
1567208161.78, -11.05665, 2.753951
1567208162.78, -11.117835, 2.77291
1567208163.78, -11.165578, 2.787373
1567208164.78, -11.2208, 2.802182
1567208165.78, -11.288964, 2.815896
1567208166.79, -11.372874, 2.831188
1567208167.79, -11.423442, 2.842841
1567208168.79, -11.476669, 2.857424
1567208169.79, -11.507178, 2.863756
1567208170.8, -11.583378, 2.876844
1567208171.8, -11.656002, 2.892503
1567208172.8, -11.688525, 2.906839
1567208173.8, -11.768764, 2.922604
1567208174.8, -11.847185, 2.940246
1567208175.81, -11.888751, 2.952446
1567208176.81, -11.96266, 2.964065
1567208177.81, -12.017365, 2.979136
1567208178.81, -12.087911, 2.997428
1567208179.81, -12.138731, 3.009991
1567208180.82, -12.211692, 3.022655
1567208181.82, -12.272273, 3.037148
1567208182.82, -12.325184, 3.051732
1567208183.82, -12.395512, 3.067106
1567208184.82, -12.445866, 3.082006
1567208185.83, -12.519614, 3.093494
1567208186.83, -12.574818, 3.105557
1567208187.83, -12.643174, 3.116425
1567208188.83, -12.703254, 3.133449
1567208189.83, -12.770741, 3.14989
1567208190.84, -12.829032, 3.163337
1567208191.84, -12.901851, 3.174775
1567208192.84, -12.946332, 3.190008
1567208193.84, -13.023036, 3.200498
1567208194.84, -13.075091, 3.212171
1567208195.85, -13.133999, 3.225954
1567208196.85, -13.192069, 3.239503
1567208197.85, -13.257523, 3.252489
1567208198.85, -13.313048, 3.264713
1567208199.85, -13.369305, 3.278279
1567208200.86, -13.442888, 3.292484
1567208201.86, -13.487154, 3.309297
1567208202.86, -13.559869, 3.326882
1567208203.86, -13.609436, 3.336565
1567208204.87, -13.637288, 3.340776
1567208205.87, -13.721861, 3.356036
1567208206.87, -13.765657, 3.368082
1567208207.87, -13.830933, 3.379231
1567208208.87, -13.906975, 3.394181
1567208209.88, -13.953625, 3.404481
1567208210.88, -14.018909, 3.41623
1567208211.88, -14.070428, 3.431623
1567208212.88, -14.13308, 3.44304
1567208213.88, -14.194759, 3.454869
1567208214.88, -14.260856, 3.469225
1567208215.89, -14.307242, 3.483933
1567208216.89, -14.37037, 3.494663
1567208217.89, -14.422536, 3.506813
1567208218.89, -14.481807, 3.520723
1567208219.9, -14.553999, 3.535964
1567208220.9, -14.612575, 3.547076
1567208221.9, -14.670875, 3.558244
1567208222.9, -14.742174, 3.57015
1567208223.9, -14.822418, 3.585119
1567208224.91, -14.866291, 3.598235
1567208225.91, -14.906346, 3.607702
1567208226.91, -14.961736, 3.62173
1567208227.91, -15.033101, 3.635617
1567208228.92, -15.083498, 3.645551
1567208229.92, -15.133305, 3.654569
1567208230.92, -15.200236, 3.665603
1567208231.92, -15.253536, 3.680807
1567208232.92, -15.297069, 3.69006
1567208233.92, -15.368546, 3.703528
1567208234.93, -15.420835, 3.719123
1567208235.93, -15.479235, 3.729957
1567208236.93, -15.544323, 3.741051
1567208237.93, -15.600536, 3.750908
1567208238.93, -15.655228, 3.764317
1567208239.94, -15.722585, 3.778513
1567208240.94, -15.7868, 3.787711
1567208241.94, -15.838891, 3.800756
1567208242.94, -15.90235, 3.811105
1567208243.94, -15.945245, 3.813372
1567208244.95, -15.999403, 3.826176
1567208245.95, -16.054842, 3.83483
1567208246.95, -16.100698, 3.84687
1567208247.95, -16.168568, 3.858276
1567208248.95, -16.217354, 3.870829
1567208249.96, -16.286606, 3.881155
1567208250.96, -16.341036, 3.892012
1567208251.96, -16.405548, 3.902473
1567208252.96, -16.470581, 3.914247
1567208253.96, -16.528553, 3.926127
1567208254.97, -16.568939, 3.938385
1567208255.97, -16.633675, 3.947074
1567208256.97, -16.693939, 3.955769
1567208257.97, -16.747856, 3.965965
1567208258.97, -16.793457, 3.97968
1567208259.98, -16.861488, 3.98788
1567208260.98, -16.904045, 4.001467
1567208261.98, -16.951527, 4.011174
1567208262.98, -17.012514, 4.024359
1567208263.98, -17.061312, 4.033599
1567208264.99, -17.130938, 4.040944
1567208265.99, -17.190842, 4.052055
1567208266.99, -17.245995, 4.064181
1567208267.99, -17.303629, 4.071834
1567208268.99, -17.350174, 4.083989
1567208270.0, -17.411243, 4.093424
1567208271.0, -17.479801, 4.101507
1567208272.0, -17.545332, 4.114547
1567208273.0, -17.600973, 4.123996
1567208274.0, -17.652184, 4.136866
1567208275.01, -17.70808, 4.145775
1567208276.01, -17.75709, 4.152765
1567208277.01, -17.821556, 4.161127
1567208278.01, -17.895313, 4.169049
1567208279.02, -17.940416, 4.181191
1567208280.02, -17.996775, 4.19101
1567208281.02, -18.051262, 4.204148
1567208282.02, -18.073904, 4.208578
1567208283.02, -18.143845, 4.216735
1567208284.02, -18.194885, 4.228024
1567208285.03, -18.243858, 4.238785
1567208286.03, -18.296129, 4.246264
1567208287.03, -18.362698, 4.253441
1567208288.03, -18.40329, 4.265466
1567208289.04, -18.468859, 4.276495
1567208290.04, -18.5261, 4.285394
1567208291.04, -18.573267, 4.293941
1567208292.04, -18.635742, 4.304311
1567208293.04, -18.690269, 4.314226
1567208294.04, -18.764809, 4.322918
1567208295.05, -18.815258, 4.331331
1567208296.05, -18.861788, 4.344091
1567208297.05, -18.893944, 4.353536
1567208298.05, -18.961691, 4.361004
1567208299.05, -19.016857, 4.368145
1567208300.06, -19.060585, 4.381923
1567208301.06, -19.130802, 4.390579
1567208302.06, -19.183918, 4.398502
1567208303.06, -19.218307, 4.405227
1567208304.06, -19.277752, 4.419488
1567208305.07, -19.342407, 4.428195
1567208306.07, -19.386307, 4.43443
1567208307.07, -19.442665, 4.444353
1567208308.07, -19.496555, 4.456325
1567208309.07, -19.557461, 4.465473
1567208310.08, -19.602146, 4.47331
1567208311.08, -19.678715, 4.482255
1567208312.08, -19.730003, 4.49044
1567208313.08, -19.795366, 4.501387
1567208314.09, -19.826746, 4.509785
1567208315.09, -19.886969, 4.518659
1567208316.09, -19.943258, 4.526893
1567208317.09, -19.999016, 4.532691
1567208318.09, -20.052471, 4.5418
1567208319.1, -20.115801, 4.553195
1567208320.1, -20.165422, 4.561766
1567208321.1, -20.230139, 4.570648
1567208322.1, -20.267574, 4.579983
1567208323.1, -20.296869, 4.587504
1567208324.11, -20.354774, 4.597869
1567208325.11, -20.405497, 4.606509
1567208326.11, -20.453054, 4.613224
1567208327.11, -20.51251, 4.62696
1567208328.12, -20.556358, 4.629709
1567208329.12, -20.603012, 4.642054
1567208330.12, -20.65731, 4.651262
1567208331.12, -20.726254, 4.657188
1567208332.12, -20.763834, 4.670466
1567208333.12, -20.822615, 4.68045
1567208334.13, -20.867817, 4.68823
1567208335.13, -20.93787, 4.696817
1567208336.13, -20.977175, 4.708771
1567208337.13, -21.044634, 4.718093
1567208338.14, -21.068876, 4.725728
1567208339.14, -21.137857, 4.733643
1567208340.14, -21.196432, 4.74245
1567208341.14, -21.248177, 4.75168
1567208342.14, -21.30789, 4.762651
1567208343.15, -21.356413, 4.77552
1567208344.15, -21.399996, 4.785426
1567208345.15, -21.448439, 4.791817
1567208346.15, -21.519394, 4.800058
1567208347.15, -21.56781, 4.807613
1567208348.15, -21.627981, 4.817414
1567208349.16, -21.683468, 4.828745
1567208350.16, -21.736519, 4.837071
1567208351.16, -21.766161, 4.844329
1567208352.16, -21.837261, 4.854175
1567208353.16, -21.867962, 4.865714
1567208354.17, -21.927814, 4.874729
1567208355.17, -21.983267, 4.882532
1567208356.17, -22.033285, 4.893317
1567208357.17, -22.077202, 4.903586
1567208358.17, -22.132803, 4.915845
1567208359.18, -22.179375, 4.923852
1567208360.18, -22.232115, 4.929379
1567208361.18, -22.290472, 4.935335
1567208362.18, -22.322042, 4.944945
1567208363.18, -22.374651, 4.955435
1567208364.19, -22.444649, 4.966965
1567208365.19, -22.485207, 4.978382
1567208366.19, -22.513405, 4.984198
1567208367.19, -22.566603, 4.992661
1567208368.2, -22.621674, 4.999319
1567208369.2, -22.670441, 5.007402
1567208370.2, -22.731321, 5.014961
1567208371.2, -22.766829, 5.023399
1567208372.2, -22.825132, 5.036258
1567208373.2, -22.865885, 5.044635
1567208374.21, -22.940775, 5.05292
1567208375.21, -22.978966, 5.06505
1567208376.21, -23.028496, 5.076292
1567208377.21, -23.064787, 5.089583
1567208378.21, -23.109842, 5.096908
1567208379.22, -23.15604, 5.104445
1567208380.22, -23.210655, 5.112264
1567208381.22, -23.264008, 5.122801
1567208382.22, -23.31633, 5.13429
1567208383.22, -23.360823, 5.142039
1567208384.23, -23.41268, 5.150182
1567208385.23, -23.453485, 5.160454
1567208386.23, -23.514395, 5.171919
1567208387.23, -23.557907, 5.181046
1567208388.23, -23.615469, 5.193692
1567208389.24, -23.654957, 5.203957
1567208390.24, -23.716146, 5.215655
1567208391.24, -23.76351, 5.225059
1567208392.24, -23.808693, 5.233093
1567208393.25, -23.862846, 5.240508
1567208394.25, -23.91901, 5.251021
1567208395.25, -23.965786, 5.261185
1567208396.25, -24.011053, 5.269255
1567208397.25, -24.065189, 5.280329
1567208398.26, -24.119947, 5.291069
1567208399.26, -24.168613, 5.303209
1567208400.26, -24.218149, 5.313617
1567208401.26, -24.275244, 5.321725
1567208402.26, -24.318754, 5.329858
1567208403.27, -24.36808, 5.338527
1567208404.27, -24.415953, 5.34363
1567208405.27, -24.482334, 5.355911
1567208406.27, -24.51576, 5.365831
1567208407.27, -24.516335, 5.371489
1567208408.28, -24.571058, 5.385878
1567208409.28, -24.613976, 5.395286
1567208410.28, -24.68157, 5.408546
1567208411.29, -24.732565, 5.41648
1567208412.29, -24.768808, 5.42833
1567208413.29, -24.810637, 5.438341
1567208414.29, -24.858829, 5.448454
1567208415.3, -24.902969, 5.459158
1567208416.3, -24.961487, 5.46909
1567208417.3, -25.000731, 5.476743
1567208418.3, -25.042664, 5.484811
1567208419.3, -25.09317, 5.495992
1567208420.31, -25.135569, 5.506888
1567208421.31, -25.184671, 5.518344
1567208422.31, -25.21714, 5.52905
1567208423.31, -25.282288, 5.54117
1567208424.32, -25.317093, 5.551395
1567208425.32, -25.353201, 5.5623
1567208426.32, -25.39924, 5.573496
1567208427.32, -25.437885, 5.58179
1567208428.32, -25.478445, 5.590304
1567208429.33, -25.519136, 5.60212
1567208430.33, -25.56678, 5.612506
1567208431.33, -25.607018, 5.624701
1567208432.33, -25.636604, 5.635513
1567208433.33, -25.670292, 5.648609
1567208434.34, -25.723309, 5.65872
1567208435.34, -25.743637, 5.661692
1567208436.34, -25.778168, 5.671021
1567208437.34, -25.801353, 5.682649
1567208438.34, -25.836767, 5.694971
1567208439.35, -25.863256, 5.706104
1567208440.35, -25.899063, 5.716195
1567208441.35, -25.937784, 5.728523
1567208442.35, -25.964348, 5.740713
1567208443.35, -26.017939, 5.750952
1567208444.36, -26.031181, 5.762282
1567208445.36, -26.069925, 5.77463
1567208446.36, -26.092751, 5.786358
1567208447.36, -26.107327, 5.79546
1567208448.37, -26.130369, 5.808115
1567208449.37, -26.152706, 5.81912
1567208450.37, -26.187803, 5.830741
1567208451.37, -26.195467, 5.847641
1567208452.37, -26.230698, 5.857538
1567208453.38, -26.253689, 5.869329
1567208454.38, -26.271416, 5.887869
1567208455.38, -26.277735, 5.897514
1567208456.38, -26.294149, 5.909725
1567208457.38, -26.318565, 5.919053
1567208458.39, -26.334526, 5.932786
1567208459.39, -26.364389, 5.946275
1567208460.39, -26.374189, 5.959529
1567208461.39, -26.406878, 5.974947
1567208462.4, -26.401848, 5.982927
1567208463.4, -26.417847, 5.995312
1567208464.4, -26.436035, 6.007193
1567208465.4, -26.450279, 6.022192
1567208466.4, -26.452644, 6.037186
1567208467.41, -26.481773, 6.048325
1567208468.41, -26.501011, 6.060765
1567208469.41, -26.548719, 6.073558
1567208470.41, -26.557762, 6.088413
1567208471.41, -26.556492, 6.103663
1567208472.42, -26.570028, 6.125586
1567208473.42, -26.597198, 6.138479
1567208474.42, -26.619041, 6.151037
1567208475.42, -26.654192, 6.1673
1567208476.42, -26.67436, 6.178338
1567208477.43, -26.699608, 6.19173
1567208478.43, -26.715868, 6.204584
1567208479.43, -26.740404, 6.219542
1567208480.43, -26.781054, 6.233786
1567208481.44, -26.791908, 6.249355
1567208482.44, -26.820852, 6.264532
1567208483.44, -26.851383, 6.27567
1567208484.44, -26.864929, 6.295057
1567208485.45, -26.908438, 6.312579
1567208486.45, -26.922684, 6.326755
1567208487.45, -26.94886, 6.342347
1567208488.45, -26.974148, 6.357086
1567208489.45, -26.994371, 6.372564
1567208490.46, -27.012993, 6.374934
1567208491.46, -27.048292, 6.386273
1567208492.46, -27.074938, 6.400276
1567208493.46, -27.099068, 6.415319
1567208494.46, -27.113707, 6.431997
1567208495.47, -27.137726, 6.448824
1567208496.47, -27.163315, 6.463202
1567208497.47, -27.174425, 6.476409
1567208498.47, -27.19735, 6.493233
1567208499.48, -27.206949, 6.507848
1567208500.48, -27.233833, 6.523397
1567208501.48, -27.237465, 6.532711
1567208502.48, -27.265251, 6.545944
1567208503.48, -27.281898, 6.560888
1567208504.49, -27.312033, 6.578332
1567208505.49, -27.325731, 6.593802
1567208506.49, -27.338829, 6.608278
1567208507.49, -27.365143, 6.623738
1567208508.5, -27.382792, 6.63853
1567208509.5, -27.397186, 6.653733
1567208510.5, -27.418234, 6.667784
1567208511.5, -27.430725, 6.682041
1567208512.5, -27.461285, 6.698911
1567208513.51, -27.475639, 6.712842
1567208514.51, -27.50248, 6.727974
1567208515.51, -27.524727, 6.744125
1567208516.51, -27.561388, 6.759344
1567208517.51, -27.576656, 6.766769
1567208518.52, -27.593422, 6.781973
1567208519.52, -27.618078, 6.794755
1567208520.52, -27.634483, 6.807872
1567208521.52, -27.669224, 6.819227
1567208522.53, -27.693558, 6.835801
1567208523.53, -27.708017, 6.84987
1567208524.53, -27.737198, 6.866114
1567208525.53, -27.764969, 6.886194
1567208526.54, -27.791887, 6.90496
1567208527.54, -27.824438, 6.914272
1567208528.54, -27.838959, 6.926456
1567208529.54, -27.874731, 6.942426
1567208530.54, -27.88974, 6.957461
1567208531.55, -27.924295, 6.978814
1567208532.55, -27.95055, 6.988594
1567208533.55, -27.976355, 7.008847
1567208534.55, -28.006426, 7.019733
1567208535.55, -28.028336, 7.039135
1567208536.55, -28.053354, 7.055932
1567208537.56, -28.076378, 7.068182
1567208538.56, -28.094265, 7.079233
1567208539.56, -28.10763, 7.095028
1567208540.56, -28.14106, 7.11319
1567208541.56, -28.155067, 7.124712
1567208542.57, -28.161501, 7.140126
1567208543.57, -28.175735, 7.158859
1567208544.57, -28.196962, 7.169622
1567208545.57, -28.209486, 7.176967
1567208546.58, -28.230843, 7.191889
1567208547.58, -28.239534, 7.209227
1567208548.58, -28.254904, 7.222759
1567208549.58, -28.280657, 7.238127
1567208550.58, -28.285183, 7.258679
1567208551.59, -28.298632, 7.27636
1567208552.59, -28.325466, 7.291394
1567208553.59, -28.326769, 7.301504
1567208554.59, -28.33836, 7.32089
1567208555.59, -28.370726, 7.33537
1567208556.6, -28.386103, 7.351583
1567208557.6, -28.407627, 7.365776
1567208558.6, -28.410013, 7.381917
1567208559.6, -28.429935, 7.398899
1567208560.6, -28.455954, 7.414402
1567208561.61, -28.440861, 7.433749
1567208562.61, -28.469292, 7.449791
1567208563.61, -28.482353, 7.46484
1567208564.61, -28.507084, 7.481869
1567208565.61, -28.525461, 7.494967
1567208566.62, -28.540419, 7.509275
1567208567.62, -28.544973, 7.524181
1567208568.62, -28.563633, 7.539775
1567208569.62, -28.576437, 7.555519
1567208570.63, -28.56757, 7.573729
1567208571.63, -28.585014, 7.591361
1567208572.63, -28.607767, 7.606196
1567208573.63, -28.617279, 7.617626
1567208574.63, -28.621176, 7.633417
1567208575.64, -28.641182, 7.652393
1567208576.64, -28.634844, 7.667576
1567208577.64, -28.662567, 7.686913
1567208578.64, -28.685778, 7.701055
1567208579.64, -28.680101, 7.716686
1567208580.65, -28.687765, 7.731158
1567208581.65, -28.694057, 7.746982
1567208582.65, -28.709768, 7.761605
1567208583.65, -28.736298, 7.781174
1567208584.65, -28.747171, 7.797941
1567208585.65, -28.743095, 7.811211
1567208586.66, -28.748182, 7.827724
1567208587.66, -28.778694, 7.849434
1567208588.66, -28.786489, 7.867155
1567208589.66, -28.801199, 7.887091
1567208590.67, -28.815769, 7.904682
1567208591.67, -28.828224, 7.919466
1567208592.67, -28.847517, 7.93763
1567208593.67, -28.858625, 7.958643
1567208594.67, -28.872087, 7.974776
1567208595.67, -28.898277, 7.987829
1567208596.68, -28.897566, 8.001227
1567208597.68, -28.9053, 8.016677
1567208598.68, -28.911692, 8.032605
1567208599.68, -28.935045, 8.050361
1567208600.69, -28.944267, 8.061299
1567208601.69, -28.953592, 8.07956
1567208602.69, -28.980482, 8.095412
1567208603.69, -28.987251, 8.115438
1567208604.69, -28.992928, 8.131477
1567208605.7, -28.996202, 8.146638
1567208606.7, -29.020836, 8.161983
1567208607.7, -29.027771, 8.177616
1567208608.7, -29.04232, 8.198955
1567208609.7, -29.060398, 8.214284
1567208610.71, -29.065788, 8.230404
1567208611.71, -29.07942, 8.246021
1567208612.71, -29.083242, 8.261544
1567208613.71, -29.100904, 8.276213
1567208614.72, -29.10692, 8.290115
1567208615.72, -29.109833, 8.306684
1567208616.72, -29.111969, 8.323196
1567208617.72, -29.147648, 8.343401
1567208618.72, -29.150364, 8.36039
1567208619.73, -29.16725, 8.380147
1567208620.73, -29.18651, 8.396631
1567208621.73, -29.193186, 8.411025
1567208622.73, -29.193306, 8.424329
1567208623.74, -29.208639, 8.44024
1567208624.74, -29.218801, 8.458202
1567208625.74, -29.219801, 8.476347
1567208626.74, -29.233486, 8.49603
1567208627.74, -29.238525, 8.511269
1567208628.75, -29.247843, 8.520503
1567208629.75, -29.25843, 8.540765
1567208630.75, -29.273611, 8.556363
1567208631.75, -29.274458, 8.571328
1567208632.75, -29.288221, 8.590878
1567208633.76, -29.297873, 8.608957
1567208634.76, -29.31608, 8.624953
1567208635.76, -29.322104, 8.639466
1567208636.76, -29.32526, 8.65598
1567208637.76, -29.361885, 8.67736
1567208638.77, -29.373182, 8.69392
1567208639.77, -29.371752, 8.709828
1567208640.77, -29.385811, 8.728154
1567208641.77, -29.404572, 8.745524
1567208642.78, -29.418365, 8.760301
1567208643.78, -29.435665, 8.775315
1567208644.78, -29.453518, 8.793757
1567208645.78, -29.458889, 8.812504
1567208646.78, -29.481712, 8.832644
1567208647.78, -29.500614, 8.852221
1567208648.79, -29.49946, 8.867628
1567208649.79, -29.528603, 8.884417
1567208650.79, -29.533054, 8.907203
1567208651.79, -29.539036, 8.924827
1567208652.8, -29.542271, 8.940016
1567208653.8, -29.558926, 8.956124
1567208654.8, -29.571085, 8.97045
1567208655.8, -29.594429, 8.988087
1567208656.8, -29.582798, 8.997407
1567208657.81, -29.603651, 9.018204
1567208658.81, -29.6171, 9.038649
1567208659.81, -29.622602, 9.05055
1567208660.81, -29.624224, 9.063999
1567208661.81, -29.64036, 9.078921
1567208662.82, -29.6439, 9.098184
1567208663.82, -29.657322, 9.117541
1567208664.82, -29.668993, 9.139213
1567208665.82, -29.672424, 9.160519
1567208666.83, -29.683855, 9.180142
1567208667.83, -29.685617, 9.196785
1567208668.83, -29.690956, 9.207861
1567208669.83, -29.698143, 9.226069
1567208670.84, -29.70245, 9.243721
1567208671.84, -29.701712, 9.256316
1567208672.84, -29.707323, 9.271091
1567208673.84, -29.710758, 9.289624
1567208674.84, -29.726803, 9.306324
1567208675.84, -29.722151, 9.324852
1567208676.85, -29.72953, 9.345171
1567208677.85, -29.720371, 9.364669
1567208678.85, -29.749403, 9.380749
1567208679.85, -29.761925, 9.399984
1567208680.85, -29.755806, 9.418087
1567208681.86, -29.757425, 9.433769
1567208682.86, -29.773642, 9.453514
1567208683.86, -29.764465, 9.469566
1567208684.86, -29.782799, 9.485543
1567208685.87, -29.7918, 9.495134
1567208686.87, -29.791433, 9.513219
1567208687.87, -29.815569, 9.533183
1567208688.87, -29.805765, 9.551534
1567208689.87, -29.802572, 9.570397
1567208690.87, -29.813629, 9.585761
1567208691.88, -29.818827, 9.601158
1567208692.88, -29.833418, 9.615488
1567208693.88, -29.836487, 9.631643
1567208694.88, -29.859344, 9.651072
1567208695.88, -29.855368, 9.668926
1567208696.89, -29.866734, 9.687146
1567208697.89, -29.879189, 9.706316
1567208698.89, -29.892937, 9.727426
1567208699.89, -29.900003, 9.744398
1567208700.89, -29.906454, 9.763181
1567208701.9, -29.930864, 9.78212
1567208702.9, -29.931749, 9.797503
1567208703.9, -29.930321, 9.806795
1567208704.9, -29.940735, 9.821666
1567208705.9, -29.96715, 9.839786
1567208706.91, -29.961296, 9.85748
1567208707.91, -29.971802, 9.874743
1567208708.91, -29.988342, 9.889945
1567208709.91, -29.990059, 9.90967
1567208710.91, -29.984673, 9.92573
1567208711.92, -29.98901, 9.942921
1567208712.92, -30.003696, 9.958511
1567208713.92, -30.001207, 9.977687
1567208714.92, -30.011557, 9.989121
1567208715.93, -30.02784, 10.008285
1567208716.93, -30.042603, 10.024576
1567208717.93, -30.024693, 10.039507
1567208718.93, -30.041195, 10.054241
1567208719.93, -30.026751, 10.072797
1567208720.94, -30.043776, 10.092257
1567208721.94, -30.036411, 10.110847
1567208722.94, -30.048197, 10.1288
1567208723.94, -30.049791, 10.14331
1567208724.94, -30.061205, 10.160929
1567208725.95, -30.06115, 10.1764
1567208726.95, -30.07881, 10.194754
1567208727.95, -30.058084, 10.211333
1567208728.95, -30.075294, 10.227017
1567208729.95, -30.083523, 10.247815
1567208730.96, -30.071659, 10.268139
1567208731.96, -30.085951, 10.282292
1567208732.96, -30.094103, 10.302371
1567208733.96, -30.09079, 10.327269
1567208734.97, -30.094273, 10.344643
1567208735.97, -30.094456, 10.359295
1567208736.97, -30.099039, 10.379938
1567208737.97, -30.116354, 10.39493
1567208738.97, -30.110189, 10.41682
1567208739.98, -30.127323, 10.438927
1567208740.98, -30.130306, 10.457011
1567208741.98, -30.113504, 10.47708
1567208742.98, -30.125692, 10.485231
1567208743.98, -30.129005, 10.50526
1567208744.98, -30.126963, 10.524014
1567208745.99, -30.132036, 10.541955
1567208746.99, -30.12603, 10.560439
1567208747.99, -30.129585, 10.580232
1567208748.99, -30.131561, 10.598297
1567208750.0, -30.135782, 10.617352
1567208751.0, -30.147116, 10.634564
1567208752.0, -30.150129, 10.657519
1567208753.0, -30.156528, 10.674848
1567208754.01, -30.155972, 10.69098
1567208755.01, -30.165127, 10.710797
1567208756.01, -30.164232, 10.730318
1567208757.01, -30.188559, 10.750512
1567208758.02, -30.186668, 10.766586
1567208759.02, -30.189718, 10.785707
1567208760.02, -30.204964, 10.803337
1567208761.02, -30.202148, 10.819431
1567208762.02, -30.20245, 10.838351
1567208763.02, -30.21105, 10.857821
1567208764.03, -30.216644, 10.878617
1567208765.03, -30.214958, 10.896736
1567208766.03, -30.22467, 10.916209
1567208767.03, -30.222137, 10.932004
1567208768.03, -30.237465, 10.946788
1567208769.04, -30.235626, 10.968253
1567208770.04, -30.232029, 10.986156
1567208771.04, -30.225451, 11.005288
1567208772.04, -30.245396, 11.021939
1567208773.05, -30.241873, 11.033487
1567208774.05, -30.248186, 11.055561
1567208775.05, -30.249464, 11.073998
1567208776.05, -30.257996, 11.091328
1567208777.05, -30.264091, 11.105576
1567208778.06, -30.250376, 11.126847
1567208779.06, -30.247139, 11.143695
1567208780.06, -30.256552, 11.163538
1567208781.06, -30.259806, 11.18481
1567208782.07, -30.25725, 11.204532
1567208783.07, -30.247253, 11.226669
1567208784.07, -30.255638, 11.244049
1567208785.07, -30.242357, 11.264503
1567208786.07, -30.252693, 11.280892
1567208787.07, -30.268076, 11.303266
1567208788.08, -30.28129, 11.318896
1567208789.08, -30.280521, 11.333286
1567208790.08, -30.285881, 11.35361
1567208791.08, -30.291006, 11.373845
1567208792.09, -30.284702, 11.399079
1567208793.09, -30.290306, 11.415782
1567208794.09, -30.299826, 11.431565
1567208795.09, -30.31212, 11.454546
1567208796.09, -30.313284, 11.47565
1567208797.09, -30.308096, 11.492681
1567208798.1, -30.313673, 11.511982
1567208799.1, -30.312243, 11.529716
1567208800.1, -30.315647, 11.544289
1567208801.1, -30.324951, 11.560636
1567208802.11, -30.307627, 11.575699
1567208803.11, -30.299337, 11.59533
1567208804.11, -30.305264, 11.612494
1567208805.11, -30.306162, 11.633018
1567208806.11, -30.313782, 11.651752
1567208807.12, -30.326426, 11.672996
1567208808.12, -30.327475, 11.688516
1567208809.12, -30.324883, 11.705493
1567208810.12, -30.331116, 11.725098
1567208811.13, -30.333984, 11.741339
1567208812.13, -30.319784, 11.762658
1567208813.13, -30.340828, 11.784781
1567208814.13, -30.329264, 11.806073
1567208815.13, -30.326145, 11.822922
1567208816.13, -30.331766, 11.839257
1567208817.14, -30.328484, 11.858357
1567208818.14, -30.323277, 11.877923
1567208819.14, -30.326643, 11.893629
1567208820.14, -30.353603, 11.914027
1567208821.15, -30.345961, 11.932981
1567208822.15, -30.348869, 11.952611
1567208823.15, -30.339203, 11.97374
1567208824.15, -30.357138, 11.989775
1567208825.15, -30.343758, 12.005345
1567208826.16, -30.349972, 12.021054
1567208827.16, -30.356236, 12.042248
1567208828.16, -30.355747, 12.057357
1567208829.16, -30.356667, 12.074421
1567208830.16, -30.351614, 12.096885
1567208831.17, -30.359489, 12.113081
1567208832.17, -30.359484, 12.133867
1567208833.17, -30.361837, 12.154365
1567208834.17, -30.368635, 12.171965
1567208835.18, -30.379791, 12.193147
1567208836.18, -30.369188, 12.208394
1567208837.18, -30.390778, 12.229683
1567208838.18, -30.361458, 12.256312
1567208839.18, -30.367729, 12.277463
1567208840.19, -30.372124, 12.292592
1567208841.19, -30.371147, 12.308413
1567208842.19, -30.387102, 12.327978
1567208843.19, -30.391073, 12.345817
1567208844.19, -30.399048, 12.367118
1567208845.19, -30.38372, 12.384967
1567208846.2, -30.396284, 12.403279
1567208847.2, -30.405897, 12.418919
1567208848.2, -30.412289, 12.436431
1567208849.2, -30.392769, 12.459311
1567208850.2, -30.408176, 12.476517
1567208851.21, -30.422564, 12.496566
1567208852.21, -30.408943, 12.515688
1567208853.21, -30.414968, 12.533042
1567208854.21, -30.427317, 12.551238
1567208855.21, -30.421352, 12.570191
1567208856.22, -30.425646, 12.585563
1567208857.22, -30.438148, 12.593765
1567208858.22, -30.430983, 12.617061
1567208859.22, -30.452524, 12.626857
1567208860.23, -30.45916, 12.649837
1567208861.23, -30.460157, 12.668872
1567208862.23, -30.462708, 12.68685
1567208863.23, -30.452881, 12.706161
1567208864.23, -30.455587, 12.722118
1567208865.24, -30.461321, 12.73945
1567208866.24, -30.461103, 12.759744
1567208867.24, -30.460497, 12.782222
1567208868.24, -30.478615, 12.800184
1567208869.24, -30.471565, 12.822249
1567208870.25, -30.483955, 12.846761
1567208871.25, -30.475952, 12.865657
1567208872.25, -30.495064, 12.88394
1567208873.25, -30.505907, 12.904669
1567208874.26, -30.494503, 12.920382
1567208875.26, -30.50732, 12.933534
1567208876.26, -30.509544, 12.950723
1567208877.26, -30.513767, 12.972097
1567208878.26, -30.520107, 12.991115
1567208879.27, -30.536451, 13.009372
1567208880.27, -30.525509, 13.024577
1567208881.27, -30.528618, 13.044963
1567208882.27, -30.549229, 13.063801
1567208883.27, -30.559269, 13.078236
1567208884.28, -30.565987, 13.094356
1567208885.28, -30.551998, 13.11105
1567208886.28, -30.545162, 13.121678
1567208887.28, -30.557533, 13.140233
1567208888.28, -30.561367, 13.154004
1567208889.29, -30.55382, 13.170088
1567208890.29, -30.559265, 13.190152
1567208891.29, -30.548637, 13.20546
1567208892.29, -30.562731, 13.225749
1567208893.29, -30.561733, 13.24614
1567208894.3, -30.560387, 13.265224
1567208895.3, -30.549957, 13.282901
1567208896.3, -30.576328, 13.299961
1567208897.3, -30.562155, 13.314367
1567208898.3, -30.575691, 13.331497
1567208899.31, -30.564079, 13.353826
1567208900.31, -30.555763, 13.372006
1567208901.31, -30.556179, 13.388305
1567208902.31, -30.550724, 13.404102
1567208903.31, -30.548723, 13.421137
1567208904.32, -30.542454, 13.441063
1567208905.32, -30.548058, 13.459485
1567208906.32, -30.557787, 13.483437
1567208907.32, -30.53854, 13.499896
1567208908.33, -30.537071, 13.517288
1567208909.33, -30.543867, 13.536201
1567208910.33, -30.540871, 13.557644
