timestamp, temp, humi
1555090981.68, 19.847755, 1.540644
1555090982.68, 19.868122, 1.541260
1555090983.69, 19.872746, 1.541724
1555090984.69, 19.885555, 1.541582
1555090985.69, 19.899691, 1.541442
1555090986.69, 19.924591, 1.542283
1555090987.7, 19.934950, 1.541283
1555090988.7, 19.936741, 1.541699
1555090989.7, 19.964399, 1.540836
1555090990.71, 19.961494, 1.541870
1555090991.71, 19.978111, 1.541280
1555090992.71, 20.001099, 1.540366
1555090993.72, 20.004908, 1.540302
1555090994.72, 20.016657, 1.540862
1555090995.72, 20.024185, 1.541472
1555090996.73, 20.040789, 1.541426
1555090997.73, 20.053335, 1.540434
1555090998.73, 20.067701, 1.540877
1555090999.74, 20.067074, 1.542212
1555091000.74, 20.098162, 1.541709
1555091001.74, 20.104057, 1.541211
1555091002.74, 20.111771, 1.542059
1555091003.75, 20.134846, 1.541254
1555091004.75, 20.124983, 1.540674
1555091005.75, 20.155077, 1.542406
1555091006.76, 20.162989, 1.541497
1555091007.76, 20.178566, 1.540891
1555091008.76, 20.178646, 1.540607
1555091009.77, 20.198891, 1.541673
1555091010.77, 20.206047, 1.541650
1555091011.77, 20.207642, 1.542257
1555091012.77, 20.226572, 1.541251
1555091013.78, 20.242228, 1.541718
1555091014.78, 20.255402, 1.541267
1555091015.78, 20.270081, 1.542180
1555091016.79, 20.293554, 1.541166
1555091017.79, 20.279440, 1.542147
1555091018.79, 20.292904, 1.542223
1555091019.79, 20.305534, 1.541028
1555091020.8, 20.302040, 1.540953
1555091021.8, 20.317369, 1.541143
1555091022.8, 20.348354, 1.540965
1555091023.81, 20.352173, 1.540845
1555091024.81, 20.358713, 1.540308
1555091025.81, 20.367546, 1.540094
1555091026.82, 20.375256, 1.540482
1555091027.82, 20.408413, 1.540708
1555091028.82, 20.408300, 1.540999
1555091029.82, 20.421711, 1.541148
1555091030.83, 20.437422, 1.540853
1555091031.83, 20.455055, 1.540490
1555091032.83, 20.463448, 1.541604
1555091033.84, 20.476252, 1.539894
1555091034.84, 20.480112, 1.539650
1555091035.84, 20.487619, 1.541053
1555091036.85, 20.500666, 1.541381
1555091037.85, 20.509956, 1.540449
1555091038.85, 20.513857, 1.541895
1555091039.86, 20.514580, 1.542216
1555091040.86, 20.520983, 1.541678
1555091041.86, 20.538382, 1.541020
1555091042.87, 20.565460, 1.539952
1555091043.87, 20.563677, 1.540331
1555091044.87, 20.576254, 1.539326
1555091045.87, 20.577328, 1.541078
1555091046.88, 20.588583, 1.540394
1555091047.88, 20.583443, 1.542294
1555091048.88, 20.600229, 1.540996
1555091049.89, 20.625776, 1.540990
1555091050.89, 20.638250, 1.540533
1555091051.89, 20.645395, 1.541204
1555091052.89, 20.648600, 1.541878
1555091053.9, 20.653957, 1.541668
1555091054.9, 20.669022, 1.540958
1555091055.9, 20.676826, 1.541324
1555091056.91, 20.685366, 1.541620
1555091057.91, 20.693277, 1.541196
1555091058.91, 20.706163, 1.541252
1555091059.91, 20.706129, 1.540500
1555091060.92, 20.720116, 1.541415
1555091061.92, 20.722084, 1.541586
1555091062.92, 20.732498, 1.542171
1555091063.93, 20.747677, 1.541689
1555091064.93, 20.761303, 1.541892
1555091065.93, 20.747244, 1.541602
1555091066.93, 20.775234, 1.540742
1555091067.94, 20.773041, 1.541788
1555091068.94, 20.800348, 1.542075
1555091069.94, 20.785616, 1.541788
1555091070.94, 20.792583, 1.542458
1555091071.95, 20.798405, 1.541221
1555091072.95, 20.818134, 1.540588
1555091073.95, 20.835461, 1.541403
1555091074.96, 20.836643, 1.541577
1555091075.96, 20.844273, 1.540821
1555091076.96, 20.859507, 1.541365
1555091077.96, 20.868658, 1.540738
1555091078.97, 20.864227, 1.542751
1555091079.97, 20.871494, 1.541196
1555091080.97, 20.902515, 1.540557
1555091081.98, 20.906731, 1.540542
1555091082.98, 20.910839, 1.541554
1555091083.98, 20.909607, 1.541477
1555091084.98, 20.909143, 1.538370
1555091085.98, 20.933105, 1.538453
1555091086.99, 20.938589, 1.538804
1555091087.99, 20.939531, 1.537872
1555091088.99, 20.951674, 1.539429
1555091090.0, 20.950005, 1.539863
1555091091.0, 20.952400, 1.538798
1555091092.0, 20.980886, 1.538417
1555091093.0, 20.979837, 1.538330
1555091094.01, 20.985905, 1.538654
1555091095.01, 20.978834, 1.539135
1555091096.01, 20.993029, 1.537906
1555091097.01, 21.005337, 1.538971
1555091098.02, 21.007410, 1.538234
1555091099.02, 21.020765, 1.538013
1555091100.02, 21.017155, 1.538783
1555091101.02, 21.005690, 1.538695
1555091102.03, 21.028696, 1.538563
1555091103.03, 21.054453, 1.538087
1555091104.03, 21.048496, 1.538766
1555091105.03, 21.047415, 1.537927
1555091106.04, 21.074520, 1.538719
1555091107.04, 21.067858, 1.538543
1555091108.04, 21.081675, 1.538581
1555091109.04, 21.086922, 1.539822
1555091110.05, 21.102125, 1.538116
1555091111.05, 21.092588, 1.538882
1555091112.05, 21.099548, 1.540623
1555091113.06, 21.105293, 1.540161
1555091114.06, 21.106497, 1.539616
1555091115.06, 21.105211, 1.539291
1555091116.06, 21.124416, 1.538804
1555091117.07, 21.138611, 1.538782
1555091118.07, 21.150595, 1.539032
1555091119.07, 21.142342, 1.539540
1555091120.07, 21.141184, 1.538319
1555091121.08, 21.142513, 1.538783
1555091122.08, 21.164373, 1.538919
1555091123.08, 21.172974, 1.538736
1555091124.08, 21.170006, 1.537671
1555091125.09, 21.184763, 1.538483
1555091126.09, 21.181665, 1.539143
1555091127.09, 21.183367, 1.539394
1555091128.09, 21.182302, 1.540724
1555091129.1, 21.201542, 1.539121
1555091130.1, 21.208561, 1.538798
1555091131.1, 21.206686, 1.538534
1555091132.11, 21.213684, 1.538119
1555091133.11, 21.230455, 1.539547
1555091134.11, 21.228127, 1.538482
1555091135.11, 21.237862, 1.538815
1555091136.12, 21.248648, 1.539528
1555091137.12, 21.252598, 1.539529
1555091138.12, 21.249386, 1.539383
1555091139.12, 21.241074, 1.538103
1555091140.13, 21.262377, 1.538748
1555091141.13, 21.258202, 1.539338
1555091142.13, 21.276283, 1.539016
1555091143.13, 21.276468, 1.538197
1555091144.14, 21.284929, 1.539597
1555091145.14, 21.300781, 1.539243
1555091146.14, 21.292366, 1.538959
1555091147.15, 21.303635, 1.538250
1555091148.15, 21.292168, 1.539010
1555091149.15, 21.298458, 1.539102
1555091150.16, 21.305119, 1.539329
1555091151.16, 21.308704, 1.538751
1555091152.16, 21.307068, 1.539203
1555091153.17, 21.327314, 1.538556
1555091154.17, 21.344015, 1.538298
1555091155.17, 21.353645, 1.538826
1555091156.17, 21.348602, 1.538466
1555091157.18, 21.352150, 1.538010
1555091158.18, 21.362963, 1.537083
1555091159.18, 21.363884, 1.539414
1555091160.18, 21.368416, 1.538487
1555091161.19, 21.381060, 1.538534
1555091162.19, 21.375662, 1.537552
1555091163.19, 21.388266, 1.538753
1555091164.2, 21.386066, 1.538181
1555091165.2, 21.390554, 1.538812
1555091166.2, 21.411045, 1.539077
1555091167.21, 21.396769, 1.538846
1555091168.21, 21.398098, 1.539694
1555091169.21, 21.401720, 1.538571
1555091170.22, 21.418104, 1.538241
1555091171.22, 21.422354, 1.537992
1555091172.22, 21.417215, 1.538526
1555091173.22, 21.423073, 1.538169
1555091174.23, 21.444096, 1.537501
1555091175.23, 21.439562, 1.537244
1555091176.23, 21.446821, 1.538904
1555091177.24, 21.456104, 1.538877
1555091178.24, 21.448967, 1.539843
1555091179.24, 21.448406, 1.540051
1555091180.25, 21.461643, 1.539347
1555091181.25, 21.467903, 1.538818
1555091182.25, 21.472740, 1.538302
1555091183.26, 21.476461, 1.539265
1555091184.26, 21.473337, 1.539106
1555091185.26, 21.475990, 1.539433
1555091186.26, 21.472862, 1.539008
1555091187.27, 21.494387, 1.539299
1555091188.27, 21.497719, 1.540766
1555091189.27, 21.488678, 1.539515
1555091190.27, 21.495697, 1.539326
1555091191.28, 21.506046, 1.539932
1555091192.28, 21.495226, 1.538647
1555091193.28, 21.504486, 1.537109
1555091194.29, 21.529284, 1.538548
1555091195.29, 21.531233, 1.537927
1555091196.29, 21.524130, 1.538551
1555091197.29, 21.535246, 1.538551
1555091198.3, 21.543478, 1.538736
1555091199.3, 21.544130, 1.538370
1555091200.3, 21.532194, 1.538838
1555091201.31, 21.543016, 1.539604
1555091202.31, 21.557066, 1.538863
1555091203.31, 21.555393, 1.538385
1555091204.31, 21.557411, 1.539412
1555091205.32, 21.569481, 1.538843
1555091206.32, 21.566013, 1.538787
1555091207.32, 21.592953, 1.538861
1555091208.33, 21.586159, 1.538708
1555091209.33, 21.583727, 1.538942
1555091210.33, 21.595192, 1.538977
1555091211.34, 21.593353, 1.538465
1555091212.34, 21.600834, 1.537972
1555091213.34, 21.598757, 1.538624
1555091214.34, 21.606216, 1.539169
1555091215.35, 21.616783, 1.539723
1555091216.35, 21.603559, 1.538471
1555091217.35, 21.608793, 1.538002
1555091218.36, 21.623756, 1.538409
1555091219.36, 21.625877, 1.538505
1555091220.36, 21.627363, 1.538827
1555091221.37, 21.636141, 1.537284
1555091222.37, 21.631195, 1.537726
1555091223.37, 21.638401, 1.538350
1555091224.37, 21.641951, 1.536967
1555091225.38, 21.644640, 1.538981
1555091226.38, 21.649288, 1.538400
1555091227.38, 21.646986, 1.539086
1555091228.39, 21.659040, 1.538374
1555091229.39, 21.664907, 1.538546
1555091230.39, 21.678551, 1.539257
1555091231.39, 21.665421, 1.538223
1555091232.4, 21.660131, 1.538069
1555091233.4, 21.669184, 1.538257
1555091234.4, 21.676649, 1.537790
1555091235.41, 21.678459, 1.538698
1555091236.41, 21.676096, 1.538262
1555091237.41, 21.700504, 1.537989
1555091238.41, 21.699957, 1.538754
1555091239.42, 21.699656, 1.539134
1555091240.42, 21.709620, 1.538915
1555091241.43, 21.693316, 1.539226
1555091242.43, 21.714273, 1.539899
1555091243.43, 21.709360, 1.538439
1555091244.43, 21.705814, 1.538104
1555091245.44, 21.701063, 1.538796
1555091246.44, 21.714865, 1.539478
1555091247.44, 21.724497, 1.538987
1555091248.45, 21.729614, 1.540065
1555091249.45, 21.732594, 1.538288
1555091250.45, 21.738182, 1.538214
1555091251.45, 21.730686, 1.537324
1555091252.46, 21.734030, 1.539138
1555091253.46, 21.762213, 1.537831
1555091254.46, 21.735407, 1.538607
1555091255.47, 21.744724, 1.538377
1555091256.47, 21.755770, 1.537794
1555091257.47, 21.744406, 1.538494
1555091258.47, 21.761339, 1.537922
1555091259.48, 21.769714, 1.539282
1555091260.48, 21.763704, 1.538867
1555091261.48, 21.765154, 1.538499
1555091262.49, 21.782240, 1.539431
1555091263.49, 21.773125, 1.539497
1555091264.49, 21.769316, 1.537625
1555091265.5, 21.770643, 1.537199
1555091266.5, 21.768290, 1.538280
1555091267.5, 21.776726, 1.538806
1555091268.5, 21.784061, 1.538579
1555091269.51, 21.800198, 1.538544
1555091270.51, 21.795841, 1.539223
1555091271.51, 21.799400, 1.538845
1555091272.52, 21.810781, 1.539869
1555091273.52, 21.808836, 1.539292
1555091274.52, 21.803780, 1.539670
1555091275.52, 21.821218, 1.538959
1555091276.53, 21.814465, 1.538886
1555091277.53, 21.818394, 1.538776
1555091278.53, 21.820896, 1.538087
1555091279.53, 21.820335, 1.538746
1555091280.53, 21.829393, 1.538781
1555091281.54, 21.839891, 1.538238
1555091282.54, 21.834425, 1.539958
1555091283.54, 21.820696, 1.539517
1555091284.55, 21.842638, 1.540370
1555091285.55, 21.837721, 1.540933
1555091286.55, 21.826515, 1.540085
1555091287.55, 21.845270, 1.539957
1555091288.56, 21.844576, 1.541372
1555091289.56, 21.845785, 1.540156
1555091290.56, 21.860022, 1.539890
1555091291.57, 21.861807, 1.539522
1555091292.57, 21.857851, 1.540879
1555091293.57, 21.853285, 1.540841
1555091294.57, 21.840626, 1.541083
1555091295.58, 21.861874, 1.540910
1555091296.58, 21.867014, 1.540222
1555091297.58, 21.869781, 1.540448
1555091298.59, 21.875864, 1.540492
1555091299.59, 21.868843, 1.539950
1555091300.59, 21.885000, 1.538901
1555091301.6, 21.892853, 1.539990
1555091302.6, 21.888649, 1.539825
1555091303.6, 21.891666, 1.540713
1555091304.6, 21.897495, 1.540017
1555091305.61, 21.909658, 1.540991
1555091306.61, 21.894081, 1.539719
1555091307.61, 21.905548, 1.539350
1555091308.62, 21.900888, 1.539498
1555091309.62, 21.918356, 1.539777
1555091310.62, 21.897789, 1.540160
1555091311.62, 21.910561, 1.539814
1555091312.63, 21.909939, 1.539418
1555091313.63, 21.918993, 1.538960
1555091314.63, 21.931450, 1.539225
1555091315.63, 21.910431, 1.540598
1555091316.64, 21.932098, 1.539450
1555091317.64, 21.927879, 1.539899
1555091318.64, 21.925825, 1.539173
1555091319.64, 21.937309, 1.539291
1555091320.65, 21.924164, 1.540454
1555091321.65, 21.934364, 1.540322
1555091322.65, 21.934349, 1.541367
1555091323.66, 21.938372, 1.541437
1555091324.66, 21.934551, 1.539450
1555091325.66, 21.949314, 1.539787
1555091326.66, 21.949392, 1.539852
1555091327.67, 21.955418, 1.539865
1555091328.67, 21.958683, 1.540785
1555091329.67, 21.952980, 1.540534
1555091330.68, 21.956841, 1.539344
1555091331.68, 21.967340, 1.540868
1555091332.68, 21.973083, 1.541007
1555091333.68, 21.970333, 1.539904
1555091334.69, 21.965092, 1.539275
1555091335.69, 21.956551, 1.540218
1555091336.69, 21.980455, 1.540722
1555091337.7, 21.978203, 1.540458
1555091338.7, 21.987236, 1.541150
1555091339.7, 21.976370, 1.541184
1555091340.7, 21.972572, 1.540341
1555091341.71, 21.987499, 1.541036
1555091342.71, 21.984863, 1.539572
1555091343.71, 21.985203, 1.540320
1555091344.72, 21.986626, 1.539952
1555091345.72, 21.997868, 1.540034
1555091346.72, 21.996239, 1.540099
1555091347.73, 22.002144, 1.539706
1555091348.73, 21.995951, 1.540437
1555091349.73, 22.019226, 1.540233
1555091350.74, 22.006889, 1.540271
1555091351.74, 22.017780, 1.539374
1555091352.74, 22.009060, 1.540588
1555091353.74, 22.014177, 1.542165
1555091354.75, 22.019112, 1.540509
1555091355.75, 22.020195, 1.539329
1555091356.75, 22.021532, 1.539283
1555091357.76, 22.021357, 1.541243
1555091358.76, 22.026978, 1.539757
1555091359.76, 22.031090, 1.540355
1555091360.76, 22.030100, 1.539989
1555091361.77, 22.030304, 1.540203
1555091362.77, 22.029648, 1.540106
1555091363.77, 22.030937, 1.539505
1555091364.78, 22.025368, 1.539557
1555091365.78, 22.025059, 1.540408
1555091366.78, 22.018984, 1.539640
1555091367.79, 22.039097, 1.540480
1555091368.79, 22.040083, 1.541047
1555091369.79, 22.050951, 1.540108
1555091370.79, 22.059204, 1.540131
1555091371.8, 22.059610, 1.540873
1555091372.8, 22.053659, 1.540493
1555091373.8, 22.057283, 1.539888
1555091374.81, 22.055672, 1.540555
1555091375.81, 22.064873, 1.539548
1555091376.81, 22.063217, 1.539452
1555091377.81, 22.056143, 1.539984
1555091378.82, 22.066246, 1.539303
1555091379.82, 22.075600, 1.540429
1555091380.82, 22.080193, 1.540873
1555091381.83, 22.066704, 1.540422
1555091382.83, 22.079262, 1.540653
1555091383.83, 22.083435, 1.539322
1555091384.83, 22.079350, 1.539992
1555091385.84, 22.074022, 1.538611
1555091386.84, 22.085121, 1.538579
1555091387.84, 22.070993, 1.539080
1555091388.85, 22.090599, 1.540159
1555091389.85, 22.079468, 1.540631
1555091390.85, 22.089678, 1.539639
1555091391.86, 22.079567, 1.540018
1555091392.86, 22.088037, 1.540461
1555091393.86, 22.113707, 1.539728
1555091394.86, 22.087755, 1.541518
1555091395.87, 22.097029, 1.539513
1555091396.87, 22.103088, 1.540090
1555091397.87, 22.113194, 1.538963
1555091398.88, 22.110390, 1.539739
1555091399.88, 22.115932, 1.539194
1555091400.88, 22.117414, 1.539354
1555091401.88, 22.120285, 1.539364
1555091402.89, 22.112961, 1.539514
1555091403.89, 22.119392, 1.541241
1555091404.89, 22.117222, 1.540241
1555091405.89, 22.115339, 1.539490
1555091406.9, 22.114088, 1.540066
1555091407.9, 22.116159, 1.540612
1555091408.91, 22.128597, 1.540397
1555091409.91, 22.112555, 1.540284
1555091410.91, 22.114944, 1.540741
1555091411.92, 22.128330, 1.540290
1555091412.92, 22.144352, 1.539764
1555091413.92, 22.126564, 1.539491
1555091414.92, 22.129446, 1.539206
1555091415.93, 22.139172, 1.541178
1555091416.93, 22.141478, 1.539730
1555091417.94, 22.149769, 1.539986
1555091418.94, 22.147682, 1.540393
1555091419.94, 22.138884, 1.539380
1555091420.95, 22.156137, 1.539863
1555091421.95, 22.140890, 1.539130
1555091422.95, 22.161547, 1.540145
1555091423.95, 22.148098, 1.540064
1555091424.96, 22.154284, 1.540874
1555091425.96, 22.153193, 1.539649
1555091426.96, 22.149988, 1.539948
1555091427.97, 22.163557, 1.539548
1555091428.97, 22.157114, 1.541532
1555091429.97, 22.162205, 1.540948
1555091430.98, 22.161167, 1.540677
1555091431.98, 22.172911, 1.539735
1555091432.98, 22.159851, 1.539348
1555091433.98, 22.166727, 1.539587
1555091434.99, 22.171007, 1.541835
1555091435.99, 22.160292, 1.540167
1555091436.99, 22.171431, 1.539244
1555091438.0, 22.169300, 1.540455
1555091439.0, 22.192043, 1.539816
1555091440.0, 22.182337, 1.539141
1555091441.0, 22.177998, 1.540307
1555091442.01, 22.171051, 1.539723
1555091443.01, 22.185066, 1.540708
1555091444.01, 22.172136, 1.539293
1555091445.01, 22.192816, 1.539103
1555091446.02, 22.196028, 1.539419
1555091447.02, 22.191721, 1.538960
1555091448.02, 22.199619, 1.538768
1555091449.02, 22.174883, 1.539384
1555091450.03, 22.200800, 1.539463
1555091451.03, 22.200911, 1.540240
1555091452.03, 22.196930, 1.539578
1555091453.03, 22.200417, 1.539479
1555091454.04, 22.204916, 1.539302
1555091455.04, 22.192617, 1.539814
1555091456.04, 22.200518, 1.539382
1555091457.04, 22.203165, 1.539312
1555091458.05, 22.202366, 1.540898
1555091459.05, 22.190229, 1.539926
1555091460.05, 22.213703, 1.540035
1555091461.06, 22.213364, 1.539544
1555091462.06, 22.218773, 1.539764
1555091463.06, 22.218060, 1.539172
1555091464.06, 22.215868, 1.539557
1555091465.07, 22.214190, 1.540738
1555091466.07, 22.237541, 1.539472
1555091467.07, 22.242876, 1.540031
1555091468.08, 22.229250, 1.539176
1555091469.08, 22.236549, 1.540386
1555091470.08, 22.228691, 1.540961
1555091471.08, 22.238049, 1.539924
1555091472.09, 22.229088, 1.541023
1555091473.09, 22.232420, 1.539712
1555091474.09, 22.231682, 1.539604
1555091475.1, 22.241892, 1.541085
1555091476.1, 22.243299, 1.539947
1555091477.1, 22.248196, 1.540309
1555091478.1, 22.235586, 1.538243
1555091479.11, 22.251926, 1.538672
1555091480.11, 22.245768, 1.537849
1555091481.11, 22.243517, 1.538720
1555091482.11, 22.241127, 1.538488
1555091483.12, 22.251671, 1.538455
1555091484.12, 22.249855, 1.538834
1555091485.12, 22.251757, 1.538612
1555091486.13, 22.257822, 1.537787
1555091487.13, 22.252766, 1.538658
1555091488.13, 22.265350, 1.538266
1555091489.14, 22.273109, 1.537989
1555091490.14, 22.257284, 1.538747
1555091491.14, 22.277540, 1.538369
1555091492.15, 22.262001, 1.537621
1555091493.15, 22.262115, 1.538670
1555091494.15, 22.284058, 1.538593
1555091495.15, 22.271492, 1.536907
1555091496.16, 22.264442, 1.538231
1555091497.16, 22.280287, 1.537832
1555091498.16, 22.284199, 1.538300
1555091499.17, 22.280256, 1.538780
1555091500.17, 22.286695, 1.539155
1555091501.17, 22.279095, 1.537696
1555091502.17, 22.291426, 1.538714
1555091503.18, 22.292328, 1.538446
1555091504.18, 22.281765, 1.538161
1555091505.18, 22.288309, 1.539274
1555091506.18, 22.291246, 1.538121
1555091507.19, 22.287533, 1.537925
1555091508.19, 22.293179, 1.539302
1555091509.19, 22.289158, 1.539307
1555091510.2, 22.299751, 1.538608
1555091511.2, 22.290514, 1.537668
1555091512.2, 22.300789, 1.538710
1555091513.2, 22.299639, 1.539492
1555091514.21, 22.304680, 1.539004
1555091515.21, 22.305128, 1.538953
1555091516.21, 22.303854, 1.538314
1555091517.21, 22.305363, 1.538214
1555091518.22, 22.309120, 1.539278
1555091519.22, 22.324289, 1.539457
1555091520.22, 22.315649, 1.538800
1555091521.23, 22.311270, 1.538073
1555091522.23, 22.316767, 1.538887
1555091523.23, 22.321299, 1.539647
1555091524.24, 22.315012, 1.538146
1555091525.24, 22.311737, 1.538637
1555091526.24, 22.323723, 1.537941
1555091527.24, 22.314003, 1.538723
1555091528.25, 22.324413, 1.539250
1555091529.25, 22.344431, 1.537540
1555091530.25, 22.325804, 1.537914
1555091531.26, 22.318367, 1.539367
1555091532.26, 22.339769, 1.538267
1555091533.26, 22.342804, 1.538655
1555091534.26, 22.328499, 1.537361
1555091535.27, 22.335524, 1.538414
1555091536.27, 22.346458, 1.538466
1555091537.27, 22.341984, 1.537896
1555091538.28, 22.341995, 1.539469
1555091539.28, 22.338236, 1.539021
1555091540.28, 22.342543, 1.539479
1555091541.28, 22.343157, 1.539572
1555091542.29, 22.346951, 1.539153
1555091543.29, 22.347935, 1.538219
1555091544.29, 22.348564, 1.539306
1555091545.3, 22.362789, 1.537192
1555091546.3, 22.353580, 1.539076
1555091547.3, 22.357164, 1.538568
1555091548.31, 22.360504, 1.538558
1555091549.31, 22.354881, 1.538482
1555091550.31, 22.364939, 1.537958
1555091551.31, 22.374695, 1.538692
1555091552.32, 22.375607, 1.538695
1555091553.32, 22.358402, 1.538116
1555091554.32, 22.372501, 1.538382
1555091555.33, 22.362526, 1.539546
1555091556.33, 22.381273, 1.539239
1555091557.33, 22.366652, 1.538931
1555091558.33, 22.372915, 1.538604
1555091559.34, 22.368477, 1.537933
1555091560.34, 22.370008, 1.538419
1555091561.34, 22.377926, 1.538374
1555091562.35, 22.385929, 1.538792
1555091563.35, 22.379595, 1.540093
1555091564.35, 22.376293, 1.538875
1555091565.35, 22.379503, 1.539974
1555091566.36, 22.375938, 1.539777
1555091567.36, 22.379255, 1.539348
1555091568.36, 22.375118, 1.539375
1555091569.36, 22.379948, 1.539281
1555091570.37, 22.387930, 1.538772
1555091571.37, 22.388323, 1.538856
1555091572.37, 22.402805, 1.539402
1555091573.38, 22.395571, 1.538958
1555091574.38, 22.397392, 1.539349
1555091575.38, 22.389849, 1.538159
1555091576.38, 22.394096, 1.538496
1555091577.39, 22.393663, 1.538345
1555091578.39, 22.397787, 1.538443
1555091579.39, 22.391615, 1.539116
1555091580.4, 22.396233, 1.539616
1555091581.4, 22.403477, 1.539380
1555091582.4, 22.408426, 1.538711
1555091583.41, 22.399178, 1.538069
1555091584.41, 22.403870, 1.537462
1555091585.41, 22.411690, 1.538869
1555091586.41, 22.419029, 1.538401
1555091587.42, 22.414957, 1.539954
1555091588.42, 22.408970, 1.538718
1555091589.42, 22.415272, 1.539184
1555091590.43, 22.417793, 1.538405
1555091591.43, 22.413208, 1.539401
1555091592.43, 22.429348, 1.538999
1555091593.43, 22.413143, 1.538013
1555091594.44, 22.424303, 1.539316
1555091595.44, 22.423172, 1.538011
1555091596.44, 22.419481, 1.538538
1555091597.45, 22.433620, 1.538347
1555091598.45, 22.434469, 1.538902
1555091599.45, 22.418327, 1.539634
1555091600.46, 22.426558, 1.539450
1555091601.46, 22.431034, 1.539334
1555091602.46, 22.437540, 1.539393
1555091603.47, 22.425499, 1.538956
1555091604.47, 22.440924, 1.538573
1555091605.47, 22.426613, 1.538590
1555091606.47, 22.422401, 1.539815
1555091607.48, 22.426359, 1.539336
1555091608.48, 22.441448, 1.539050
1555091609.48, 22.428818, 1.539727
1555091610.48, 22.425896, 1.537626
1555091611.49, 22.440691, 1.538847
1555091612.49, 22.443365, 1.538671
1555091613.49, 22.443424, 1.538060
1555091614.5, 22.450579, 1.537880
1555091615.5, 22.455549, 1.537101
1555091616.5, 22.457205, 1.537903
1555091617.51, 22.451498, 1.537270
1555091618.51, 22.457174, 1.537868
1555091619.51, 22.463985, 1.537353
1555091620.51, 22.460398, 1.538694
1555091621.52, 22.452982, 1.539124
1555091622.52, 22.467400, 1.538662
1555091623.52, 22.460991, 1.537894
1555091624.53, 22.449699, 1.539218
1555091625.53, 22.458572, 1.537698
1555091626.53, 22.458267, 1.538549
1555091627.54, 22.475620, 1.539074
1555091628.54, 22.472124, 1.538698
1555091629.54, 22.457928, 1.538118
1555091630.54, 22.468637, 1.537598
1555091631.55, 22.473017, 1.538020
1555091632.55, 22.475739, 1.538225
1555091633.55, 22.467770, 1.539197
1555091634.56, 22.463043, 1.538495
1555091635.56, 22.474617, 1.539007
1555091636.56, 22.478142, 1.539426
1555091637.57, 22.480274, 1.538705
1555091638.57, 22.483879, 1.538228
1555091639.57, 22.487658, 1.536869
1555091640.57, 22.484106, 1.537071
1555091641.58, 22.476463, 1.537585
1555091642.58, 22.485767, 1.537858
1555091643.58, 22.493334, 1.538635
1555091644.59, 22.486162, 1.538579
1555091645.59, 22.496437, 1.539533
1555091646.59, 22.498405, 1.538550
1555091647.6, 22.480268, 1.538820
1555091648.6, 22.489891, 1.538024
1555091649.6, 22.494753, 1.538016
1555091650.61, 22.490622, 1.539015
1555091651.61, 22.494761, 1.537712
1555091652.61, 22.500845, 1.538317
1555091653.61, 22.487471, 1.538499
1555091654.62, 22.498579, 1.538696
1555091655.62, 22.496660, 1.539312
1555091656.62, 22.498924, 1.539076
1555091657.63, 22.510130, 1.538491
1555091658.63, 22.507612, 1.538385
1555091659.63, 22.506073, 1.536970
1555091660.63, 22.516005, 1.538274
1555091661.64, 22.516777, 1.538775
1555091662.64, 22.510611, 1.538697
1555091663.64, 22.502764, 1.538262
1555091664.65, 22.506994, 1.538838
1555091665.65, 22.518528, 1.538867
1555091666.65, 22.518585, 1.538289
1555091667.66, 22.521584, 1.538488
1555091668.66, 22.518257, 1.538685
1555091669.66, 22.522499, 1.538391
1555091670.67, 22.526678, 1.538053
1555091671.67, 22.516056, 1.538857
1555091672.67, 22.525089, 1.539167
1555091673.67, 22.516127, 1.540215
1555091674.68, 22.520054, 1.540533
1555091675.68, 22.530739, 1.540435
1555091676.68, 22.537506, 1.540181
1555091677.68, 22.533281, 1.541370
1555091678.69, 22.537941, 1.540447
1555091679.69, 22.545319, 1.539620
1555091680.69, 22.543314, 1.539737
1555091681.7, 22.534281, 1.539869
1555091682.7, 22.545214, 1.539807
1555091683.7, 22.529074, 1.539499
1555091684.7, 22.532661, 1.541017
1555091685.71, 22.534044, 1.539910
1555091686.71, 22.524649, 1.541154
1555091687.71, 22.534044, 1.541210
1555091688.72, 22.541250, 1.541003
1555091689.72, 22.540627, 1.540594
1555091690.72, 22.541636, 1.541877
1555091691.72, 22.542620, 1.540340
1555091692.73, 22.540287, 1.539700
1555091693.73, 22.556087, 1.539596
1555091694.73, 22.552864, 1.541333
1555091695.74, 22.558275, 1.540684
1555091696.74, 22.563044, 1.539877
1555091697.74, 22.545464, 1.540688
1555091698.74, 22.558975, 1.540626
1555091699.75, 22.556170, 1.541202
1555091700.75, 22.550137, 1.539719
1555091701.75, 22.554848, 1.540610
1555091702.76, 22.551035, 1.541399
1555091703.76, 22.556980, 1.541562
1555091704.76, 22.562349, 1.539871
1555091705.77, 22.552864, 1.541077
1555091706.77, 22.559767, 1.540661
1555091707.77, 22.573448, 1.540977
1555091708.78, 22.560917, 1.541037
1555091709.78, 22.569967, 1.539816
1555091710.78, 22.564735, 1.540568
1555091711.78, 22.569069, 1.540274
1555091712.79, 22.562366, 1.540678
1555091713.79, 22.561316, 1.540475
1555091714.79, 22.569317, 1.541022
1555091715.79, 22.583160, 1.540854
1555091716.8, 22.573341, 1.539817
1555091717.8, 22.583490, 1.539837
1555091718.8, 22.586271, 1.540905
1555091719.8, 22.591387, 1.538864
1555091720.81, 22.571306, 1.540645
1555091721.81, 22.582174, 1.541516
1555091722.82, 22.582062, 1.542237
1555091723.82, 22.583271, 1.541529
1555091724.82, 22.580999, 1.541309
1555091725.82, 22.574636, 1.539843
1555091726.83, 22.586164, 1.540920
1555091727.83, 22.597954, 1.540791
1555091728.83, 22.593472, 1.541852
1555091729.84, 22.597168, 1.541797
1555091730.84, 22.591154, 1.541243
1555091731.84, 22.586447, 1.541600
1555091732.84, 22.587103, 1.541341
1555091733.85, 22.600691, 1.541306
1555091734.85, 22.592833, 1.542264
1555091735.85, 22.610884, 1.539826
1555091736.86, 22.609335, 1.541113
1555091737.86, 22.599165, 1.541729
1555091738.86, 22.622240, 1.540020
1555091739.87, 22.631065, 1.539084
1555091740.87, 22.602060, 1.540457
1555091741.87, 22.616386, 1.540461
1555091742.88, 22.611715, 1.539866
1555091743.88, 22.602959, 1.539861
1555091744.88, 22.604031, 1.539948
1555091745.89, 22.622955, 1.540546
1555091746.89, 22.609703, 1.540590
1555091747.89, 22.606968, 1.542134
1555091748.9, 22.612482, 1.539312
1555091749.9, 22.622864, 1.540829
1555091750.9, 22.602339, 1.539323
1555091751.91, 22.612236, 1.540864
1555091752.91, 22.635185, 1.540269
1555091753.91, 22.622580, 1.540365
1555091754.91, 22.621994, 1.541532
1555091755.92, 22.613092, 1.540734
1555091756.92, 22.624453, 1.540544
1555091757.92, 22.630850, 1.540089
1555091758.93, 22.624565, 1.540498
1555091759.93, 22.625950, 1.540892
1555091760.93, 22.628584, 1.541221
1555091761.94, 22.627159, 1.541818
1555091762.94, 22.623888, 1.540925
1555091763.94, 22.626520, 1.539647
1555091764.95, 22.627205, 1.541314
1555091765.95, 22.633337, 1.540671
1555091766.95, 22.632421, 1.540323
1555091767.95, 22.650246, 1.540337
1555091768.96, 22.644463, 1.540670
1555091769.96, 22.641899, 1.540384
1555091770.96, 22.640797, 1.541759
1555091771.97, 22.653297, 1.539743
1555091772.97, 22.647335, 1.540822
1555091773.97, 22.642365, 1.541456
1555091774.97, 22.647518, 1.540719
1555091775.98, 22.639381, 1.539868
1555091776.98, 22.650612, 1.541246
1555091777.98, 22.654812, 1.540922
1555091778.99, 22.647346, 1.540024
1555091779.99, 22.635733, 1.540987
1555091780.99, 22.641584, 1.539318
1555091781.99, 22.638058, 1.540469
1555091783.0, 22.646040, 1.541312
1555091784.0, 22.645639, 1.540930
1555091785.0, 22.662014, 1.541823
1555091786.01, 22.670065, 1.540816
1555091787.01, 22.660973, 1.539812
1555091788.01, 22.665939, 1.541344
1555091789.01, 22.656044, 1.540545
1555091790.01, 22.663980, 1.540352
1555091791.02, 22.661306, 1.540136
1555091792.02, 22.664131, 1.539809
1555091793.02, 22.683577, 1.539875
1555091794.02, 22.668758, 1.541231
1555091795.03, 22.667274, 1.540058
1555091796.03, 22.677841, 1.540792
1555091797.03, 22.669664, 1.540734
1555091798.04, 22.670811, 1.540603
1555091799.04, 22.665855, 1.540707
1555091800.04, 22.657412, 1.541338
1555091801.05, 22.668928, 1.539272
1555091802.05, 22.655739, 1.540533
1555091803.05, 22.656891, 1.540623
1555091804.05, 22.668165, 1.540595
1555091805.06, 22.679502, 1.540722
1555091806.06, 22.670992, 1.540591
1555091807.06, 22.679609, 1.540624
1555091808.07, 22.686462, 1.541207
1555091809.07, 22.685661, 1.540847
1555091810.07, 22.695745, 1.539809
1555091811.07, 22.696203, 1.541265
1555091812.08, 22.685364, 1.540025
1555091813.08, 22.671471, 1.540757
1555091814.08, 22.684683, 1.540141
1555091815.08, 22.684961, 1.541302
1555091816.09, 22.686216, 1.540252
1555091817.09, 22.698870, 1.541972
1555091818.09, 22.697945, 1.542395
1555091819.09, 22.684662, 1.542055
1555091820.1, 22.691338, 1.541832
1555091821.1, 22.690483, 1.542231
1555091822.1, 22.687534, 1.540442
1555091823.11, 22.688377, 1.540506
1555091824.11, 22.687513, 1.540984
1555091825.11, 22.690342, 1.540262
1555091826.12, 22.710241, 1.541150
1555091827.12, 22.696774, 1.542360
1555091828.12, 22.697683, 1.540425
1555091829.12, 22.712215, 1.540007
1555091830.13, 22.717485, 1.539738
1555091831.13, 22.718588, 1.540280
1555091832.13, 22.710274, 1.540508
1555091833.14, 22.705296, 1.539215
1555091834.14, 22.713417, 1.540187
1555091835.14, 22.707449, 1.541269
1555091836.14, 22.713932, 1.540517
1555091837.15, 22.714016, 1.540231
1555091838.15, 22.706076, 1.540050
1555091839.15, 22.709999, 1.540904
1555091840.16, 22.715738, 1.540423
1555091841.16, 22.719566, 1.539796
1555091842.16, 22.720316, 1.540529
1555091843.17, 22.712881, 1.541111
1555091844.17, 22.715315, 1.539801
1555091845.17, 22.721193, 1.540870
1555091846.17, 22.720798, 1.541539
1555091847.18, 22.720079, 1.541158
1555091848.18, 22.727577, 1.541765
1555091849.18, 22.722931, 1.540807
1555091850.18, 22.715183, 1.540748
1555091851.19, 22.721228, 1.540567
1555091852.19, 22.716841, 1.540621
1555091853.2, 22.716988, 1.540653
1555091854.2, 22.719803, 1.540209
1555091855.2, 22.740543, 1.540441
1555091856.21, 22.743336, 1.541282
1555091857.21, 22.738441, 1.539332
1555091858.21, 22.738804, 1.540678
1555091859.22, 22.730242, 1.540998
1555091860.22, 22.722952, 1.540627
1555091861.22, 22.750015, 1.540543
1555091862.23, 22.725918, 1.541275
1555091863.23, 22.731869, 1.540931
1555091864.23, 22.744686, 1.540706
1555091865.23, 22.735456, 1.541347
1555091866.24, 22.727461, 1.540326
1555091867.24, 22.755806, 1.540467
1555091868.24, 22.739407, 1.539976
1555091869.24, 22.755894, 1.540354
1555091870.25, 22.759680, 1.539086
1555091871.25, 22.748383, 1.538915
1555091872.25, 22.753073, 1.539741
1555091873.26, 22.753563, 1.537743
1555091874.26, 22.760035, 1.539119
1555091875.26, 22.750908, 1.539560
1555091876.27, 22.764862, 1.539532
1555091877.27, 22.752480, 1.538696
1555091878.27, 22.747921, 1.539613
1555091879.28, 22.748989, 1.539062
1555091880.28, 22.761772, 1.539065
1555091881.28, 22.765011, 1.537995
1555091882.28, 22.755802, 1.537695
1555091883.29, 22.755348, 1.539381
1555091884.29, 22.770378, 1.538773
1555091885.29, 22.755890, 1.538661
1555091886.3, 22.768772, 1.538957
1555091887.3, 22.765392, 1.538352
1555091888.3, 22.758972, 1.538762
1555091889.31, 22.760996, 1.538411
1555091890.31, 22.767117, 1.538627
1555091891.31, 22.756327, 1.538106
1555091892.31, 22.771179, 1.539097
1555091893.32, 22.756632, 1.539790
1555091894.32, 22.760696, 1.538825
1555091895.32, 22.775108, 1.539542
1555091896.33, 22.768965, 1.538436
1555091897.33, 22.767601, 1.540009
1555091898.33, 22.783470, 1.539932
1555091899.34, 22.785822, 1.538513
1555091900.34, 22.767687, 1.538403
1555091901.34, 22.773485, 1.538193
1555091902.34, 22.787506, 1.538932
1555091903.35, 22.775497, 1.539367
1555091904.35, 22.788731, 1.538453
1555091905.35, 22.782545, 1.539213
1555091906.36, 22.789314, 1.539026
1555091907.36, 22.789879, 1.538315
1555091908.36, 22.788170, 1.537944
1555091909.37, 22.784275, 1.539016
1555091910.37, 22.792763, 1.538847
1555091911.37, 22.793600, 1.536772
1555091912.38, 22.802162, 1.537545
1555091913.38, 22.800611, 1.539453
1555091914.38, 22.795300, 1.538966
1555091915.38, 22.793156, 1.537564
1555091916.39, 22.787209, 1.538796
1555091917.39, 22.784529, 1.538910
1555091918.39, 22.796436, 1.538229
1555091919.4, 22.797190, 1.538920
1555091920.4, 22.791304, 1.539112
1555091921.4, 22.798868, 1.539493
1555091922.4, 22.810863, 1.539334
1555091923.41, 22.801947, 1.539285
1555091924.41, 22.801291, 1.539662
1555091925.41, 22.800564, 1.538660
1555091926.41, 22.797432, 1.539537
1555091927.42, 22.802353, 1.539600
1555091928.42, 22.795372, 1.538721
1555091929.42, 22.792698, 1.539323
1555091930.43, 22.816765, 1.539693
1555091931.43, 22.799595, 1.540036
1555091932.43, 22.811785, 1.539835
1555091933.44, 22.807259, 1.540343
1555091934.44, 22.812780, 1.538975
1555091935.44, 22.816685, 1.539123
1555091936.44, 22.822512, 1.538718
1555091937.45, 22.810570, 1.538510
1555091938.45, 22.809292, 1.540332
1555091939.45, 22.830162, 1.538605
1555091940.46, 22.837500, 1.539187
1555091941.46, 22.827513, 1.538923
1555091942.46, 22.819693, 1.538600
1555091943.46, 22.818905, 1.538793
1555091944.47, 22.820240, 1.539804
1555091945.47, 22.816484, 1.538289
1555091946.47, 22.820827, 1.538679
1555091947.47, 22.825386, 1.539259
1555091948.48, 22.805868, 1.537470
1555091949.48, 22.817329, 1.538555
1555091950.48, 22.812365, 1.539644
1555091951.49, 22.840139, 1.538693
1555091952.49, 22.827682, 1.539655
1555091953.49, 22.817505, 1.538654
1555091954.5, 22.823263, 1.538408
1555091955.5, 22.843781, 1.538393
1555091956.5, 22.825500, 1.539225
1555091957.5, 22.836317, 1.538447
1555091958.51, 22.822529, 1.539625
1555091959.51, 22.830374, 1.538720
1555091960.51, 22.837685, 1.538730
1555091961.52, 22.835489, 1.538724
1555091962.52, 22.840517, 1.537971
1555091963.52, 22.846867, 1.539845
1555091964.52, 22.851732, 1.539847
1555091965.53, 22.851864, 1.539688
1555091966.53, 22.841331, 1.538501
1555091967.53, 22.839725, 1.538438
1555091968.54, 22.851402, 1.539484
1555091969.54, 22.824877, 1.538992
1555091970.54, 22.827772, 1.540314
1555091971.54, 22.841318, 1.540459
1555091972.55, 22.832853, 1.538879
1555091973.55, 22.839851, 1.538873
1555091974.55, 22.854210, 1.538766
1555091975.56, 22.864754, 1.539780
1555091976.56, 22.856346, 1.539193
1555091977.56, 22.859562, 1.538520
1555091978.57, 22.852995, 1.539497
1555091979.57, 22.861658, 1.539023
1555091980.57, 22.843733, 1.539317
1555091981.57, 22.847988, 1.540416
1555091982.58, 22.855356, 1.538439
1555091983.58, 22.857992, 1.537940
1555091984.58, 22.856224, 1.537739
1555091985.59, 22.865604, 1.537935
1555091986.59, 22.862999, 1.538729
1555091987.59, 22.848677, 1.539139
1555091988.59, 22.835821, 1.539495
1555091989.6, 22.855143, 1.540076
1555091990.6, 22.864525, 1.539483
1555091991.6, 22.860159, 1.539075
1555091992.6, 22.867941, 1.538807
1555091993.61, 22.869987, 1.539961
1555091994.61, 22.859844, 1.539081
1555091995.61, 22.858070, 1.539001
1555091996.62, 22.864603, 1.539416
1555091997.62, 22.854809, 1.539241
1555091998.62, 22.876217, 1.539021
1555091999.63, 22.871531, 1.539125
1555092000.63, 22.878792, 1.538751
1555092001.63, 22.865482, 1.538484
1555092002.64, 22.868740, 1.540005
1555092003.64, 22.868465, 1.539983
1555092004.64, 22.873165, 1.538449
1555092005.64, 22.881952, 1.539289
1555092006.65, 22.886230, 1.539105
1555092007.65, 22.873301, 1.537164
1555092008.65, 22.875713, 1.538597
1555092009.66, 22.887779, 1.538210
1555092010.66, 22.878946, 1.539250
1555092011.66, 22.872978, 1.539128
1555092012.66, 22.885056, 1.538693
1555092013.67, 22.881643, 1.538749
1555092014.67, 22.887827, 1.538659
1555092015.67, 22.883263, 1.539505
1555092016.67, 22.892040, 1.539179
1555092017.68, 22.894821, 1.537724
1555092018.68, 22.891964, 1.539414
1555092019.68, 22.874578, 1.538377
1555092020.69, 22.896711, 1.538916
1555092021.69, 22.898331, 1.537649
1555092022.69, 22.899212, 1.538674
1555092023.7, 22.894228, 1.539050
1555092024.7, 22.893097, 1.539103
1555092025.7, 22.906616, 1.538784
1555092026.7, 22.906258, 1.538723
1555092027.71, 22.913187, 1.538548
1555092028.71, 22.906761, 1.536891
1555092029.71, 22.902880, 1.539202
1555092030.71, 22.907152, 1.538496
1555092031.72, 22.911411, 1.537873
1555092032.72, 22.901812, 1.539329
1555092033.72, 22.908363, 1.538508
1555092034.73, 22.907520, 1.538694
1555092035.73, 22.900810, 1.539006
1555092036.73, 22.901371, 1.538546
1555092037.74, 22.913877, 1.539406
1555092038.74, 22.915361, 1.539492
1555092039.74, 22.917223, 1.538824
1555092040.75, 22.910198, 1.538894
1555092041.75, 22.919863, 1.539595
1555092042.75, 22.904947, 1.539750
1555092043.75, 22.905443, 1.538507
1555092044.76, 22.904472, 1.539018
1555092045.76, 22.910423, 1.539188
1555092046.76, 22.913767, 1.538368
1555092047.77, 22.915039, 1.539820
1555092048.77, 22.918190, 1.538076
1555092049.77, 22.913612, 1.538764
1555092050.77, 22.931154, 1.538855
1555092051.78, 22.926571, 1.537989
1555092052.78, 22.919975, 1.538594
1555092053.78, 22.914776, 1.538173
1555092054.78, 22.919811, 1.538576
1555092055.79, 22.915907, 1.538642
1555092056.79, 22.932669, 1.538601
1555092057.79, 22.931828, 1.539447
1555092058.8, 22.921129, 1.538792
1555092059.8, 22.923439, 1.539537
1555092060.8, 22.928186, 1.540303
1555092061.81, 22.931637, 1.539600
1555092062.81, 22.926001, 1.538572
1555092063.81, 22.914991, 1.539228
1555092064.82, 22.927809, 1.539154
1555092065.82, 22.918362, 1.540821
1555092066.82, 22.930193, 1.541285
1555092067.82, 22.920824, 1.542002
1555092068.83, 22.938246, 1.540882
1555092069.83, 22.948380, 1.541006
1555092070.83, 22.932213, 1.540408
1555092071.83, 22.921135, 1.541164
1555092072.84, 22.932871, 1.542279
1555092073.84, 22.922699, 1.541434
1555092074.84, 22.928942, 1.541788
1555092075.85, 22.933540, 1.541330
1555092076.85, 22.931154, 1.541170
1555092077.85, 22.925266, 1.541555
1555092078.85, 22.936541, 1.540753
1555092079.86, 22.934177, 1.540804
1555092080.86, 22.941242, 1.541295
1555092081.86, 22.935219, 1.540076
1555092082.87, 22.938805, 1.541074
1555092083.87, 22.944832, 1.541619
1555092084.87, 22.947493, 1.541078
1555092085.88, 22.943802, 1.540831
1555092086.88, 22.942039, 1.541636
1555092087.88, 22.944828, 1.540553
1555092088.88, 22.951160, 1.541101
1555092089.89, 22.945204, 1.539304
1555092090.89, 22.961061, 1.540279
1555092091.89, 22.963667, 1.540763
1555092092.89, 22.959238, 1.541110
1555092093.9, 22.948566, 1.541198
1555092094.9, 22.958544, 1.541565
1555092095.9, 22.952341, 1.541847
1555092096.91, 22.959768, 1.542107
1555092097.91, 22.959032, 1.541506
1555092098.91, 22.939758, 1.541865
1555092099.92, 22.956387, 1.541615
1555092100.92, 22.942242, 1.541089
1555092101.92, 22.954512, 1.541047
1555092102.93, 22.961779, 1.541555
1555092103.93, 22.957970, 1.541615
1555092104.93, 22.966238, 1.542061
1555092105.93, 22.956116, 1.541372
1555092106.94, 22.958052, 1.542227
1555092107.94, 22.950792, 1.541830
1555092108.94, 22.961952, 1.541952
1555092109.94, 22.958000, 1.540621
1555092110.95, 22.969889, 1.541601
1555092111.95, 22.976431, 1.542343
1555092112.95, 22.966068, 1.542032
1555092113.96, 22.967491, 1.540556
1555092114.96, 22.962910, 1.542174
1555092115.96, 22.968403, 1.540078
1555092116.96, 22.961248, 1.542275
1555092117.97, 22.972704, 1.539619
1555092118.97, 22.972670, 1.541827
1555092119.97, 22.971115, 1.540841
1555092120.98, 22.983995, 1.540874
1555092121.98, 22.970076, 1.542012
1555092122.98, 22.980875, 1.541086
1555092123.98, 22.978176, 1.540942
1555092124.99, 22.972450, 1.541051
1555092125.99, 22.974449, 1.540705
1555092126.99, 22.970879, 1.540380
1555092128.0, 22.979393, 1.541204
1555092129.0, 22.979778, 1.540125
1555092130.0, 22.978512, 1.542075
1555092131.0, 22.974632, 1.540508
1555092132.01, 22.981672, 1.541233
1555092133.01, 22.985176, 1.541120
1555092134.01, 22.972183, 1.541626
1555092135.01, 22.967487, 1.540868
1555092136.02, 22.983242, 1.541694
1555092137.02, 22.988153, 1.541081
1555092138.02, 22.984140, 1.542133
1555092139.03, 22.986357, 1.540795
1555092140.03, 22.988234, 1.541996
1555092141.03, 22.986843, 1.541267
1555092142.03, 22.976498, 1.541379
1555092143.04, 22.981262, 1.541270
1555092144.04, 22.984213, 1.541430
1555092145.04, 22.987692, 1.541672
1555092146.05, 22.984379, 1.542261
1555092147.05, 22.988821, 1.541831
1555092148.05, 22.991856, 1.541816
1555092149.05, 22.997152, 1.541672
1555092150.06, 22.992863, 1.541570
1555092151.06, 23.001875, 1.542139
1555092152.06, 23.008080, 1.542786
1555092153.06, 22.997700, 1.542590
1555092154.07, 22.994579, 1.540419
1555092155.07, 22.981005, 1.540857
1555092156.07, 23.001463, 1.540951
1555092157.08, 22.985023, 1.541124
1555092158.08, 23.001396, 1.541084
1555092159.08, 23.006561, 1.541677
1555092160.09, 23.006020, 1.540735
1555092161.09, 22.990383, 1.540752
1555092162.09, 23.022028, 1.541774
1555092163.09, 23.000271, 1.542125
1555092164.1, 23.006210, 1.541713
1555092165.1, 23.001862, 1.539630
1555092166.1, 22.993063, 1.541096
1555092167.11, 22.995293, 1.541160
1555092168.11, 23.018446, 1.541551
1555092169.11, 23.002628, 1.540726
1555092170.11, 22.999302, 1.541740
1555092171.12, 23.003866, 1.541492
1555092172.12, 23.001949, 1.541644
1555092173.12, 23.013376, 1.540267
1555092174.13, 23.014610, 1.541260
1555092175.13, 23.015818, 1.541754
1555092176.13, 23.008114, 1.541659
1555092177.14, 23.022707, 1.542231
1555092178.14, 23.012098, 1.540944
1555092179.14, 23.013371, 1.540373
1555092180.15, 23.009956, 1.540469
1555092181.15, 23.035044, 1.541800
1555092182.15, 23.019766, 1.542328
1555092183.15, 23.023415, 1.540716
1555092184.16, 23.021311, 1.541791
1555092185.16, 23.024216, 1.542027
1555092186.16, 23.015913, 1.541386
1555092187.17, 23.030680, 1.540133
1555092188.17, 23.028595, 1.541165
1555092189.17, 23.029060, 1.539844
1555092190.17, 23.027060, 1.540548
1555092191.18, 23.018536, 1.541643
1555092192.18, 23.032444, 1.541669
1555092193.18, 23.028734, 1.542031
1555092194.18, 23.036411, 1.540492
1555092195.19, 23.039259, 1.541815
1555092196.19, 23.042267, 1.539766
1555092197.19, 23.033464, 1.541213
1555092198.2, 23.036694, 1.542073
1555092199.2, 23.022430, 1.541270
1555092200.2, 23.031036, 1.541117
1555092201.21, 23.044731, 1.540784
1555092202.21, 23.043924, 1.541739
1555092203.21, 23.034071, 1.541652
1555092204.22, 23.043505, 1.541432
1555092205.22, 23.029772, 1.541723
1555092206.22, 23.033834, 1.540493
1555092207.23, 23.048307, 1.541521
1555092208.23, 23.033583, 1.541645
1555092209.23, 23.036856, 1.541964
1555092210.24, 23.045158, 1.541136
1555092211.24, 23.045391, 1.542012
1555092212.24, 23.037071, 1.542010
1555092213.25, 23.041962, 1.542326
1555092214.25, 23.050201, 1.542176
1555092215.25, 23.047527, 1.541816
1555092216.26, 23.048845, 1.541845
1555092217.26, 23.055773, 1.541450
1555092218.26, 23.046726, 1.542325
1555092219.26, 23.052063, 1.540986
1555092220.27, 23.041330, 1.540975
1555092221.27, 23.052389, 1.542541
1555092222.27, 23.050766, 1.542167
1555092223.27, 23.052788, 1.542488
1555092224.28, 23.063042, 1.539615
1555092225.28, 23.055843, 1.540572
1555092226.28, 23.054293, 1.540870
1555092227.28, 23.043959, 1.541365
1555092228.29, 23.055136, 1.541715
1555092229.29, 23.047825, 1.540947
1555092230.29, 23.070047, 1.541295
1555092231.29, 23.048889, 1.540914
1555092232.3, 23.055593, 1.542295
1555092233.3, 23.070675, 1.540596
1555092234.3, 23.069204, 1.540938
1555092235.31, 23.052626, 1.540965
1555092236.31, 23.061707, 1.541891
1555092237.31, 23.075361, 1.541946
1555092238.32, 23.079288, 1.541632
1555092239.32, 23.071472, 1.541758
1555092240.32, 23.055382, 1.541041
1555092241.33, 23.049431, 1.539593
1555092242.33, 23.065390, 1.539986
1555092243.33, 23.050262, 1.541376
1555092244.34, 23.068060, 1.540733
1555092245.34, 23.074333, 1.539807
1555092246.34, 23.078617, 1.540859
1555092247.34, 23.074837, 1.540605
1555092248.35, 23.064644, 1.540938
1555092249.35, 23.072100, 1.539908
1555092250.35, 23.076939, 1.540953
1555092251.35, 23.081007, 1.540485
1555092252.36, 23.061413, 1.540290
1555092253.36, 23.066811, 1.541513
1555092254.36, 23.083961, 1.540377
1555092255.37, 23.069038, 1.541230
1555092256.37, 23.078312, 1.541346
1555092257.37, 23.084137, 1.540483
1555092258.37, 23.080109, 1.540760
1555092259.38, 23.089586, 1.540315
1555092260.38, 23.093071, 1.541280
1555092261.39, 23.086653, 1.541291
1555092262.39, 23.098595, 1.540140
1555092263.39, 23.096907, 1.539239
1555092264.4, 23.079407, 1.538351
1555092265.4, 23.066833, 1.538958
1555092266.4, 23.076231, 1.538535
1555092267.4, 23.080156, 1.538093
1555092268.41, 23.079460, 1.538948
1555092269.41, 23.090054, 1.539324
1555092270.41, 23.094000, 1.539528
1555092271.42, 23.089010, 1.539180
1555092272.42, 23.103838, 1.538922
1555092273.42, 23.098785, 1.539396
1555092274.43, 23.096378, 1.538610
1555092275.43, 23.079294, 1.538500
1555092276.43, 23.099220, 1.538491
1555092277.44, 23.110622, 1.538042
1555092278.44, 23.094547, 1.538155
1555092279.44, 23.098085, 1.537701
1555092280.44, 23.097923, 1.538339
1555092281.45, 23.110722, 1.538819
1555092282.45, 23.103586, 1.538633
1555092283.45, 23.104584, 1.539175
1555092284.46, 23.103138, 1.539280
1555092285.46, 23.095390, 1.539385
1555092286.46, 23.097107, 1.539306
1555092287.46, 23.110741, 1.539457
1555092288.47, 23.108603, 1.539006
1555092289.47, 23.108541, 1.538195
1555092290.47, 23.086294, 1.537435
1555092291.47, 23.099331, 1.538358
1555092292.48, 23.101706, 1.538421
1555092293.48, 23.110016, 1.538735
1555092294.48, 23.112495, 1.539345
1555092295.48, 23.114908, 1.539261
1555092296.49, 23.105387, 1.539828
1555092297.49, 23.102154, 1.539213
1555092298.49, 23.114841, 1.538927
1555092299.5, 23.101278, 1.538477
1555092300.5, 23.110563, 1.538043
1555092301.5, 23.114559, 1.538506
1555092302.5, 23.112875, 1.539413
1555092303.51, 23.103731, 1.538960
1555092304.51, 23.116892, 1.539719
1555092305.51, 23.125793, 1.538616
1555092306.51, 23.111708, 1.538558
1555092307.52, 23.116539, 1.539057
1555092308.52, 23.132124, 1.538153
1555092309.52, 23.109314, 1.539050
1555092310.53, 23.119524, 1.539232
1555092311.53, 23.127411, 1.539505
1555092312.53, 23.143179, 1.539657
1555092313.54, 23.124844, 1.538019
1555092314.54, 23.114729, 1.538317
1555092315.54, 23.130671, 1.538797
1555092316.54, 23.118679, 1.539291
1555092317.55, 23.113819, 1.538189
1555092318.55, 23.126183, 1.538063
1555092319.55, 23.114967, 1.538249
1555092320.56, 23.103354, 1.538190
1555092321.56, 23.129795, 1.537395
1555092322.56, 23.136034, 1.538595
1555092323.56, 23.139103, 1.538490
1555092324.57, 23.133833, 1.538462
1555092325.57, 23.133553, 1.538469
1555092326.57, 23.141361, 1.539641
1555092327.58, 23.133121, 1.540032
1555092328.58, 23.134548, 1.540621
1555092329.58, 23.132910, 1.538670
1555092330.58, 23.126844, 1.538121
1555092331.59, 23.132681, 1.538526
1555092332.59, 23.139378, 1.537897
1555092333.59, 23.142513, 1.538080
1555092334.59, 23.127851, 1.539383
1555092335.6, 23.130705, 1.539256
1555092336.6, 23.139109, 1.539264
1555092337.6, 23.133926, 1.538878
1555092338.61, 23.122681, 1.538489
1555092339.61, 23.125166, 1.538754
1555092340.61, 23.132530, 1.538853
1555092341.62, 23.146206, 1.539468
1555092342.62, 23.142754, 1.539356
1555092343.62, 23.141174, 1.538231
1555092344.63, 23.146816, 1.539423
1555092345.63, 23.143974, 1.540667
1555092346.63, 23.135948, 1.539999
1555092347.64, 23.146608, 1.539525
1555092348.64, 23.154854, 1.539199
1555092349.64, 23.152365, 1.539837
1555092350.65, 23.143620, 1.538707
1555092351.65, 23.144121, 1.538981
1555092352.65, 23.147697, 1.539453
1555092353.66, 23.155064, 1.539171
1555092354.66, 23.154091, 1.539251
1555092355.66, 23.155619, 1.538646
1555092356.67, 23.154772, 1.539702
1555092357.67, 23.159044, 1.538817
1555092358.67, 23.165840, 1.538864
1555092359.67, 23.146994, 1.539544
1555092360.68, 23.152754, 1.538363
1555092361.68, 23.145569, 1.539316
1555092362.68, 23.152330, 1.539178
1555092363.69, 23.148394, 1.539117
1555092364.69, 23.158421, 1.538710
1555092365.69, 23.159943, 1.539662
1555092366.69, 23.165411, 1.539625
1555092367.7, 23.146667, 1.539458
1555092368.7, 23.153683, 1.538907
1555092369.7, 23.166542, 1.537826
1555092370.71, 23.156040, 1.539321
1555092371.71, 23.162415, 1.539792
1555092372.71, 23.157005, 1.538638
1555092373.71, 23.145744, 1.537748
1555092374.72, 23.158781, 1.538990
1555092375.72, 23.177134, 1.538847
1555092376.72, 23.180241, 1.537950
1555092377.73, 23.165541, 1.539897
1555092378.73, 23.185373, 1.537966
1555092379.73, 23.170815, 1.539483
1555092380.74, 23.158243, 1.538316
1555092381.74, 23.168810, 1.538413
1555092382.74, 23.175007, 1.538951
1555092383.74, 23.166321, 1.539357
1555092384.75, 23.170658, 1.539202
1555092385.75, 23.158133, 1.538616
1555092386.75, 23.165241, 1.538536
1555092387.76, 23.175341, 1.538952
1555092388.76, 23.179897, 1.538587
1555092389.76, 23.179152, 1.538714
1555092390.77, 23.170708, 1.538668
1555092391.77, 23.187672, 1.539666
1555092392.77, 23.162121, 1.539473
1555092393.77, 23.173429, 1.539723
1555092394.78, 23.183817, 1.539397
1555092395.78, 23.196770, 1.540350
1555092396.78, 23.183681, 1.539515
1555092397.79, 23.186794, 1.538823
1555092398.79, 23.198641, 1.538318
1555092399.79, 23.189610, 1.538285
1555092400.8, 23.181488, 1.538000
1555092401.8, 23.177799, 1.537903
1555092402.8, 23.187412, 1.538964
1555092403.8, 23.177132, 1.540135
1555092404.81, 23.179047, 1.539775
1555092405.81, 23.180918, 1.540724
1555092406.82, 23.193686, 1.539595
1555092407.82, 23.194950, 1.539413
1555092408.82, 23.183331, 1.538727
1555092409.82, 23.170616, 1.539574
1555092410.83, 23.193254, 1.538722
1555092411.83, 23.182953, 1.538848
1555092412.83, 23.183699, 1.539446
1555092413.84, 23.181593, 1.539298
1555092414.84, 23.195356, 1.538512
1555092415.84, 23.184641, 1.539339
1555092416.85, 23.187853, 1.539285
1555092417.85, 23.194309, 1.539854
1555092418.85, 23.188150, 1.539226
1555092419.85, 23.197517, 1.539087
1555092420.86, 23.189745, 1.538079
1555092421.86, 23.205536, 1.539507
1555092422.86, 23.184916, 1.539208
1555092423.87, 23.193096, 1.538807
1555092424.87, 23.203499, 1.538148
1555092425.87, 23.205122, 1.539373
1555092426.88, 23.204041, 1.538289
1555092427.88, 23.201637, 1.538679
1555092428.88, 23.201477, 1.539015
1555092429.88, 23.211111, 1.538696
1555092430.89, 23.205177, 1.538105
1555092431.89, 23.196764, 1.538698
1555092432.89, 23.180962, 1.538793
1555092433.9, 23.209293, 1.537553
1555092434.9, 23.214027, 1.537933
1555092435.9, 23.211514, 1.538954
1555092436.9, 23.213005, 1.538302
1555092437.91, 23.208687, 1.538432
1555092438.91, 23.199612, 1.538666
1555092439.91, 23.212639, 1.538354
1555092440.92, 23.211300, 1.538514
1555092441.92, 23.207821, 1.538151
1555092442.92, 23.196890, 1.539285
1555092443.93, 23.205130, 1.537600
1555092444.93, 23.216177, 1.539147
1555092445.93, 23.212938, 1.539000
1555092446.94, 23.206350, 1.538514
1555092447.94, 23.202023, 1.540384
1555092448.94, 23.198454, 1.539427
1555092449.95, 23.208242, 1.538799
1555092450.95, 23.218431, 1.538862
1555092451.95, 23.212673, 1.539569
1555092452.96, 23.222042, 1.537560
1555092453.96, 23.217857, 1.539885
1555092454.96, 23.209351, 1.540052
1555092455.96, 23.215145, 1.538349
1555092456.97, 23.213776, 1.538574
1555092457.97, 23.215755, 1.540760
1555092458.97, 23.208012, 1.539960
1555092459.98, 23.211586, 1.539967
1555092460.98, 23.211653, 1.540071
1555092461.98, 23.221914, 1.540034
1555092462.98, 23.212429, 1.539677
1555092463.99, 23.210480, 1.539534
1555092464.99, 23.222507, 1.539460
1555092465.99, 23.209152, 1.538967
1555092467.0, 23.219584, 1.539285
1555092468.0, 23.216623, 1.539415
1555092469.0, 23.216549, 1.540266
1555092470.0, 23.220884, 1.539878
1555092471.01, 23.221321, 1.539404
1555092472.01, 23.218092, 1.539485
1555092473.01, 23.224281, 1.539609
1555092474.01, 23.224644, 1.540440
1555092475.02, 23.218685, 1.540181
1555092476.02, 23.225407, 1.540051
1555092477.02, 23.226665, 1.539343
1555092478.02, 23.235054, 1.539321
1555092479.03, 23.241959, 1.538984
1555092480.03, 23.223763, 1.538958
1555092481.03, 23.225407, 1.540017
1555092482.03, 23.228916, 1.538755
1555092483.04, 23.226000, 1.538443
1555092484.04, 23.229107, 1.539133
1555092485.04, 23.223677, 1.539296
1555092486.05, 23.224840, 1.539271
1555092487.05, 23.229757, 1.539132
1555092488.05, 23.232628, 1.540338
1555092489.06, 23.236290, 1.539245
1555092490.06, 23.236601, 1.539166
1555092491.06, 23.241331, 1.539412
1555092492.06, 23.231419, 1.538996
1555092493.06, 23.240608, 1.540337
1555092494.07, 23.229149, 1.540179
1555092495.07, 23.246553, 1.539415
1555092496.07, 23.251461, 1.539300
1555092497.07, 23.243612, 1.538699
1555092498.08, 23.241133, 1.540515
1555092499.08, 23.237034, 1.540192
1555092500.08, 23.243965, 1.539085
1555092501.09, 23.230972, 1.538958
1555092502.09, 23.247875, 1.539735
1555092503.09, 23.251024, 1.540132
1555092504.1, 23.238529, 1.540574
1555092505.1, 23.249474, 1.539577
1555092506.1, 23.242680, 1.539926
1555092507.1, 23.250475, 1.538828
1555092508.11, 23.256430, 1.540154
1555092509.11, 23.258446, 1.540207
1555092510.11, 23.261753, 1.540164
1555092511.12, 23.255562, 1.539779
1555092512.12, 23.251465, 1.541098
1555092513.12, 23.250278, 1.539594
1555092514.13, 23.246681, 1.538969
1555092515.13, 23.260710, 1.539556
1555092516.13, 23.265808, 1.540513
1555092517.13, 23.262552, 1.538963
1555092518.14, 23.260744, 1.538762
1555092519.14, 23.270840, 1.539851
1555092520.14, 23.252611, 1.541015
1555092521.15, 23.265711, 1.540274
1555092522.15, 23.263468, 1.539961
1555092523.15, 23.264366, 1.539683
1555092524.15, 23.247091, 1.538981
1555092525.16, 23.260286, 1.539319
1555092526.16, 23.255598, 1.539437
1555092527.16, 23.262411, 1.540198
1555092528.17, 23.259600, 1.540066
1555092529.17, 23.272396, 1.539764
1555092530.17, 23.255510, 1.539529
1555092531.17, 23.241982, 1.540877
1555092532.18, 23.261084, 1.539949
1555092533.18, 23.271509, 1.539181
1555092534.18, 23.265446, 1.539647
1555092535.18, 23.275902, 1.540768
1555092536.19, 23.272223, 1.540460
1555092537.19, 23.260298, 1.540603
1555092538.19, 23.284836, 1.539433
1555092539.19, 23.282671, 1.539545
1555092540.2, 23.268179, 1.540413
1555092541.2, 23.281778, 1.540551
1555092542.2, 23.280886, 1.540898
1555092543.21, 23.270531, 1.539685
1555092544.21, 23.267141, 1.540206
1555092545.21, 23.266428, 1.539817
1555092546.21, 23.278608, 1.539466
1555092547.22, 23.269505, 1.540439
1555092548.22, 23.275686, 1.539921
1555092549.22, 23.277456, 1.539692
1555092550.22, 23.277109, 1.538714
1555092551.23, 23.276896, 1.539961
1555092552.23, 23.288351, 1.539048
1555092553.23, 23.287951, 1.539515
1555092554.24, 23.265175, 1.538802
1555092555.24, 23.273386, 1.539722
1555092556.24, 23.275913, 1.539235
1555092557.25, 23.290354, 1.539461
1555092558.25, 23.269449, 1.540644
1555092559.25, 23.278046, 1.540505
1555092560.25, 23.270500, 1.539840
1555092561.26, 23.283638, 1.539525
1555092562.26, 23.262739, 1.539595
1555092563.26, 23.292149, 1.539588
1555092564.27, 23.288185, 1.541111
1555092565.27, 23.285786, 1.540496
1555092566.27, 23.283993, 1.540243
1555092567.27, 23.280479, 1.539915
1555092568.28, 23.280287, 1.539813
1555092569.28, 23.288633, 1.540305
1555092570.28, 23.289402, 1.540522
1555092571.29, 23.280632, 1.540576
1555092572.29, 23.277096, 1.540250
1555092573.29, 23.289650, 1.540934
1555092574.29, 23.287956, 1.540737
1555092575.3, 23.297153, 1.540954
1555092576.3, 23.306181, 1.540103
1555092577.3, 23.289425, 1.539208
1555092578.31, 23.282288, 1.539909
1555092579.31, 23.294449, 1.539175
1555092580.31, 23.291182, 1.539326
1555092581.31, 23.283878, 1.540294
1555092582.32, 23.297834, 1.539102
1555092583.32, 23.288544, 1.539934
1555092584.32, 23.292725, 1.539950
1555092585.33, 23.300823, 1.538833
1555092586.33, 23.292521, 1.540261
1555092587.33, 23.290274, 1.539219
1555092588.34, 23.305786, 1.539034
1555092589.34, 23.299156, 1.539338
1555092590.34, 23.296915, 1.538730
1555092591.35, 23.310568, 1.539674
1555092592.35, 23.306017, 1.539406
1555092593.35, 23.297068, 1.539891
1555092594.35, 23.313009, 1.539754
1555092595.36, 23.301914, 1.540232
1555092596.36, 23.308058, 1.539092
1555092597.36, 23.306503, 1.539672
1555092598.37, 23.310110, 1.540527
1555092599.37, 23.308210, 1.540011
1555092600.37, 23.297207, 1.540245
1555092601.37, 23.310822, 1.539465
1555092602.38, 23.303362, 1.540318
1555092603.38, 23.301846, 1.540570
1555092604.38, 23.314320, 1.540504
1555092605.39, 23.313883, 1.540869
1555092606.39, 23.322958, 1.540292
1555092607.39, 23.299908, 1.540355
1555092608.4, 23.305199, 1.540104
1555092609.4, 23.317451, 1.539472
1555092610.4, 23.321751, 1.540787
1555092611.4, 23.314816, 1.539586
1555092612.41, 23.324089, 1.539473
1555092613.41, 23.327684, 1.539357
1555092614.41, 23.315359, 1.541555
1555092615.42, 23.315325, 1.541043
1555092616.42, 23.314005, 1.539446
1555092617.42, 23.311924, 1.540446
1555092618.42, 23.312607, 1.539126
1555092619.43, 23.319838, 1.539375
1555092620.43, 23.327858, 1.539652
1555092621.43, 23.316803, 1.539652
1555092622.44, 23.315166, 1.540347
1555092623.44, 23.326679, 1.540146
1555092624.44, 23.311466, 1.539738
1555092625.45, 23.316124, 1.539548
1555092626.45, 23.325130, 1.540815
1555092627.45, 23.326820, 1.539677
1555092628.46, 23.319445, 1.539740
1555092629.46, 23.314816, 1.540370
1555092630.46, 23.309713, 1.539654
1555092631.47, 23.328577, 1.539446
1555092632.47, 23.333588, 1.539302
1555092633.47, 23.325378, 1.539620
1555092634.47, 23.326870, 1.540544
1555092635.48, 23.320236, 1.540990
1555092636.48, 23.331472, 1.541159
1555092637.48, 23.325890, 1.539866
1555092638.49, 23.332268, 1.540926
1555092639.49, 23.334545, 1.539945
1555092640.49, 23.343176, 1.539790
1555092641.49, 23.332256, 1.539957
1555092642.5, 23.331905, 1.541835
1555092643.5, 23.340298, 1.540050
1555092644.5, 23.344723, 1.539317
1555092645.51, 23.328560, 1.539907
1555092646.51, 23.333435, 1.539462
1555092647.51, 23.326786, 1.539558
1555092648.52, 23.331686, 1.539032
1555092649.52, 23.334316, 1.539587
1555092650.52, 23.338095, 1.540332
1555092651.52, 23.348228, 1.539708
1555092652.53, 23.341238, 1.538504
1555092653.53, 23.344526, 1.538114
1555092654.53, 23.329964, 1.539430
1555092655.54, 23.346617, 1.539717
1555092656.54, 23.339457, 1.538426
1555092657.54, 23.336733, 1.539205
1555092658.55, 23.331427, 1.539493
1555092659.55, 23.339806, 1.539973
1555092660.55, 23.351545, 1.540037
1555092661.56, 23.354004, 1.539914
1555092662.56, 23.360888, 1.540129
1555092663.56, 23.348083, 1.540555
1555092664.57, 23.354258, 1.540974
1555092665.57, 23.344627, 1.540315
1555092666.57, 23.347736, 1.539995
1555092667.57, 23.346764, 1.540330
1555092668.58, 23.324379, 1.539222
1555092669.58, 23.339146, 1.540377
1555092670.58, 23.346985, 1.540153
1555092671.59, 23.340073, 1.539360
1555092672.59, 23.344193, 1.539854
1555092673.59, 23.349508, 1.538468
1555092674.6, 23.346550, 1.539854
1555092675.6, 23.350563, 1.539123
1555092676.6, 23.354506, 1.539632
1555092677.6, 23.366859, 1.539006
1555092678.61, 23.353676, 1.540195
1555092679.61, 23.365601, 1.540485
1555092680.61, 23.332590, 1.539779
1555092681.62, 23.349968, 1.539837
1555092682.62, 23.363796, 1.539246
1555092683.62, 23.350233, 1.539425
1555092684.62, 23.348160, 1.540299
1555092685.63, 23.359659, 1.540685
1555092686.63, 23.354271, 1.539523
1555092687.63, 23.350397, 1.539420
1555092688.64, 23.365791, 1.540308
1555092689.64, 23.348183, 1.539279
1555092690.64, 23.360350, 1.539717
1555092691.65, 23.353207, 1.540141
1555092692.65, 23.353659, 1.540389
1555092693.65, 23.347414, 1.539631
1555092694.66, 23.341650, 1.539775
1555092695.66, 23.360756, 1.540696
1555092696.66, 23.361546, 1.540986
1555092697.66, 23.365063, 1.540927
1555092698.67, 23.375723, 1.541069
1555092699.67, 23.364576, 1.540229
1555092700.67, 23.368399, 1.540418
1555092701.68, 23.377716, 1.540244
1555092702.68, 23.366386, 1.538925
1555092703.68, 23.352133, 1.539298
1555092704.69, 23.362558, 1.539486
1555092705.69, 23.371738, 1.541146
1555092706.69, 23.367985, 1.539715
1555092707.69, 23.369612, 1.539960
1555092708.7, 23.374016, 1.539988
1555092709.7, 23.375862, 1.539125
1555092710.7, 23.369675, 1.540713
1555092711.71, 23.365883, 1.540601
1555092712.71, 23.379475, 1.538985
1555092713.71, 23.388714, 1.539920
1555092714.71, 23.389669, 1.539748
1555092715.72, 23.383039, 1.540408
1555092716.72, 23.377686, 1.539652
1555092717.72, 23.362732, 1.539414
1555092718.73, 23.372871, 1.537938
1555092719.73, 23.376059, 1.539754
1555092720.73, 23.386515, 1.540528
1555092721.74, 23.372545, 1.540053
1555092722.74, 23.378841, 1.539816
1555092723.74, 23.382538, 1.539636
1555092724.74, 23.380381, 1.540646
1555092725.75, 23.367809, 1.539903
1555092726.75, 23.382904, 1.539338
1555092727.75, 23.360935, 1.539083
1555092728.75, 23.372782, 1.539970
1555092729.76, 23.385872, 1.540675
1555092730.76, 23.374172, 1.540513
1555092731.76, 23.374977, 1.539369
1555092732.77, 23.376791, 1.539901
1555092733.77, 23.375648, 1.540396
1555092734.77, 23.387878, 1.541226
1555092735.78, 23.385368, 1.541172
1555092736.78, 23.386148, 1.540620
1555092737.78, 23.391520, 1.540464
1555092738.78, 23.367239, 1.539410
1555092739.79, 23.391653, 1.540011
1555092740.79, 23.392059, 1.539980
1555092741.79, 23.391495, 1.539950
1555092742.79, 23.399523, 1.539945
1555092743.8, 23.375740, 1.538740
1555092744.8, 23.384968, 1.539293
1555092745.8, 23.376465, 1.538492
1555092746.81, 23.379187, 1.539006
1555092747.81, 23.407387, 1.539592
1555092748.81, 23.402374, 1.539367
1555092749.82, 23.387663, 1.539981
1555092750.82, 23.392418, 1.539350
1555092751.82, 23.394547, 1.539779
1555092752.83, 23.401014, 1.540413
1555092753.83, 23.393015, 1.541423
1555092754.83, 23.395004, 1.540127
1555092755.83, 23.411001, 1.541329
1555092756.84, 23.409166, 1.541316
1555092757.84, 23.412451, 1.541079
1555092758.84, 23.392071, 1.539828
1555092759.85, 23.396999, 1.540006
1555092760.85, 23.389740, 1.540170
1555092761.85, 23.389071, 1.540774
1555092762.86, 23.387291, 1.540828
1555092763.86, 23.380554, 1.540709
1555092764.86, 23.393173, 1.539961
1555092765.86, 23.398785, 1.540869
1555092766.87, 23.395691, 1.540493
1555092767.87, 23.399527, 1.540415
1555092768.87, 23.400181, 1.540642
1555092769.87, 23.401468, 1.540379
1555092770.88, 23.397678, 1.541194
1555092771.88, 23.401375, 1.541144
1555092772.88, 23.423143, 1.541407
1555092773.89, 23.409534, 1.541089
1555092774.89, 23.396688, 1.540829
1555092775.89, 23.402866, 1.540441
1555092776.89, 23.408318, 1.541314
1555092777.9, 23.408491, 1.540029
1555092778.9, 23.408403, 1.540126
1555092779.9, 23.404816, 1.539897
1555092780.9, 23.406578, 1.539621
1555092781.9, 23.404453, 1.539718
1555092782.91, 23.408339, 1.540936
1555092783.91, 23.406132, 1.540614
1555092784.91, 23.410246, 1.539415
1555092785.91, 23.418880, 1.539403
1555092786.92, 23.425285, 1.539598
1555092787.92, 23.413582, 1.539883
1555092788.92, 23.412344, 1.539393
1555092789.93, 23.411625, 1.539619
1555092790.93, 23.408674, 1.538914
1555092791.93, 23.422041, 1.540274
1555092792.93, 23.419729, 1.538513
1555092793.94, 23.414383, 1.539683
1555092794.94, 23.410946, 1.540352
1555092795.94, 23.416735, 1.539873
1555092796.95, 23.424814, 1.539616
1555092797.95, 23.399950, 1.539563
1555092798.95, 23.405470, 1.539800
1555092799.96, 23.402676, 1.540002
1555092800.96, 23.412241, 1.540102
1555092801.96, 23.411789, 1.540681
1555092802.96, 23.416531, 1.541138
1555092803.97, 23.396484, 1.540993
1555092804.97, 23.407797, 1.540151
1555092805.97, 23.425816, 1.539855
1555092806.97, 23.420712, 1.540501
1555092807.98, 23.425240, 1.541341
1555092808.98, 23.427595, 1.540312
1555092809.98, 23.431192, 1.540507
1555092810.99, 23.426140, 1.539795
1555092811.99, 23.406284, 1.538727
1555092812.99, 23.421978, 1.540242
1555092813.99, 23.430464, 1.540481
1555092815.0, 23.423691, 1.540051
1555092816.0, 23.440077, 1.540399
1555092817.0, 23.430447, 1.540437
1555092818.0, 23.424343, 1.539541
1555092819.01, 23.434050, 1.540027
1555092820.01, 23.431023, 1.538897
1555092821.01, 23.440361, 1.540751
1555092822.01, 23.428398, 1.539793
1555092823.01, 23.429958, 1.539990
1555092824.02, 23.430914, 1.539940
1555092825.02, 23.420000, 1.540853
1555092826.03, 23.428886, 1.540503
1555092827.03, 23.431671, 1.539582
1555092828.03, 23.435158, 1.541783
1555092829.03, 23.426884, 1.540464
1555092830.04, 23.444675, 1.540739
1555092831.04, 23.437992, 1.540670
1555092832.04, 23.431541, 1.540745
1555092833.04, 23.432055, 1.540795
1555092834.05, 23.431566, 1.541051
1555092835.05, 23.421547, 1.540292
1555092836.05, 23.434181, 1.540883
1555092837.05, 23.444601, 1.539967
1555092838.06, 23.434378, 1.539314
1555092839.06, 23.441566, 1.540415
1555092840.06, 23.421984, 1.539769
1555092841.07, 23.430099, 1.541055
1555092842.07, 23.423527, 1.540598
1555092843.07, 23.436502, 1.540546
1555092844.08, 23.441273, 1.539862
1555092845.08, 23.430904, 1.539934
1555092846.08, 23.450165, 1.539809
1555092847.08, 23.453400, 1.539469
1555092848.09, 23.433903, 1.539483
1555092849.09, 23.435469, 1.539899
1555092850.09, 23.446419, 1.541025
1555092851.1, 23.428715, 1.541267
1555092852.1, 23.438599, 1.540110
1555092853.1, 23.444702, 1.541027
1555092854.1, 23.431231, 1.541017
1555092855.11, 23.439871, 1.540460
1555092856.11, 23.440722, 1.540310
1555092857.11, 23.462025, 1.540885
1555092858.12, 23.454819, 1.541494
1555092859.12, 23.446392, 1.540823
1555092860.12, 23.445511, 1.541289
1555092861.13, 23.454565, 1.541141
1555092862.13, 23.444624, 1.540353
1555092863.13, 23.447197, 1.540151
1555092864.13, 23.442909, 1.540820
1555092865.14, 23.447418, 1.542161
1555092866.14, 23.451496, 1.540775
1555092867.14, 23.433567, 1.541511
1555092868.15, 23.449371, 1.541097
1555092869.15, 23.467331, 1.540787
1555092870.15, 23.462563, 1.541288
1555092871.15, 23.456673, 1.540579
1555092872.16, 23.475582, 1.540446
1555092873.16, 23.453022, 1.540424
1555092874.16, 23.456701, 1.541233
1555092875.17, 23.466408, 1.541395
1555092876.17, 23.455284, 1.540657
1555092877.17, 23.456333, 1.540050
1555092878.17, 23.456373, 1.539874
1555092879.18, 23.457760, 1.540537
1555092880.18, 23.464640, 1.539923
1555092881.18, 23.453022, 1.540553
1555092882.19, 23.463850, 1.542019
1555092883.19, 23.451246, 1.541781
1555092884.19, 23.457695, 1.541800
1555092885.19, 23.455370, 1.541266
1555092886.2, 23.465630, 1.541185
1555092887.2, 23.476088, 1.541115
1555092888.2, 23.470882, 1.541176
1555092889.2, 23.475088, 1.540589
1555092890.21, 23.455620, 1.540558
1555092891.21, 23.474680, 1.540656
1555092892.21, 23.467716, 1.541377
1555092893.22, 23.469717, 1.539868
1555092894.22, 23.467171, 1.540506
1555092895.22, 23.456837, 1.540669
1555092896.22, 23.474953, 1.540169
1555092897.23, 23.462137, 1.540429
1555092898.23, 23.462410, 1.541846
1555092899.23, 23.459465, 1.542006
1555092900.24, 23.473446, 1.541779
1555092901.24, 23.480679, 1.541384
1555092902.24, 23.467365, 1.540980
1555092903.25, 23.474388, 1.540331
1555092904.25, 23.465189, 1.540608
1555092905.25, 23.469614, 1.540255
1555092906.26, 23.462770, 1.541879
1555092907.26, 23.468733, 1.542380
1555092908.26, 23.460489, 1.540780
1555092909.26, 23.477825, 1.540145
1555092910.27, 23.472248, 1.539716
1555092911.27, 23.468132, 1.540552
1555092912.27, 23.457436, 1.541456
1555092913.27, 23.465172, 1.539485
1555092914.28, 23.474638, 1.539986
1555092915.28, 23.471395, 1.541670
1555092916.28, 23.478622, 1.541058
1555092917.28, 23.477160, 1.539586
1555092918.29, 23.489660, 1.540920
1555092919.29, 23.468620, 1.540200
1555092920.29, 23.464268, 1.540199
1555092921.3, 23.466827, 1.540298
1555092922.3, 23.479622, 1.540424
1555092923.31, 23.477617, 1.540426
1555092924.31, 23.470711, 1.541053
1555092925.31, 23.479584, 1.540843
1555092926.31, 23.485172, 1.539912
1555092927.32, 23.477325, 1.539978
1555092928.32, 23.470116, 1.540605
1555092929.32, 23.489655, 1.540369
1555092930.33, 23.497824, 1.541680
1555092931.33, 23.487837, 1.542380
1555092932.33, 23.477724, 1.540261
1555092933.33, 23.480900, 1.540286
1555092934.34, 23.478834, 1.541200
1555092935.34, 23.490101, 1.540836
1555092936.34, 23.479521, 1.541404
1555092937.35, 23.478458, 1.540969
1555092938.35, 23.491570, 1.541474
1555092939.35, 23.495594, 1.541927
1555092940.35, 23.491058, 1.540579
1555092941.36, 23.502850, 1.541301
1555092942.36, 23.516457, 1.540040
1555092943.36, 23.500437, 1.541203
1555092944.37, 23.482889, 1.541364
1555092945.37, 23.489948, 1.541264
1555092946.37, 23.483952, 1.539840
1555092947.37, 23.488207, 1.540413
1555092948.38, 23.506762, 1.540644
1555092949.38, 23.471586, 1.541066
1555092950.38, 23.492716, 1.540976
1555092951.39, 23.490818, 1.541628
1555092952.39, 23.489380, 1.541228
1555092953.39, 23.496288, 1.539649
1555092954.39, 23.479555, 1.539394
1555092955.4, 23.500414, 1.540279
1555092956.4, 23.500256, 1.540285
1555092957.4, 23.494194, 1.541294
1555092958.4, 23.495958, 1.541157
1555092959.41, 23.502766, 1.540593
1555092960.41, 23.488541, 1.542133
1555092961.41, 23.490976, 1.541213
1555092962.42, 23.502520, 1.541429
1555092963.42, 23.507139, 1.541630
1555092964.42, 23.496853, 1.541579
1555092965.43, 23.506598, 1.541647
1555092966.43, 23.499878, 1.541862
1555092967.43, 23.496195, 1.542356
1555092968.44, 23.490347, 1.541474
1555092969.44, 23.498701, 1.540887
1555092970.44, 23.504337, 1.541668
1555092971.44, 23.502668, 1.540708
1555092972.45, 23.511471, 1.540590
1555092973.45, 23.506348, 1.540689
1555092974.45, 23.515774, 1.541094
1555092975.45, 23.506945, 1.541771
1555092976.46, 23.489265, 1.541105
1555092977.46, 23.498081, 1.540673
1555092978.46, 23.502811, 1.541670
1555092979.47, 23.500370, 1.541214
1555092980.47, 23.503448, 1.540930
1555092981.47, 23.503845, 1.541678
1555092982.48, 23.496063, 1.541524
1555092983.48, 23.509954, 1.542237
1555092984.48, 23.516792, 1.541199
1555092985.49, 23.512819, 1.541497
1555092986.49, 23.511061, 1.540710
1555092987.49, 23.513430, 1.540452
1555092988.49, 23.505325, 1.540439
1555092989.5, 23.503605, 1.540494
1555092990.5, 23.502262, 1.539755
1555092991.5, 23.511772, 1.541199
1555092992.51, 23.500099, 1.540925
1555092993.51, 23.513166, 1.540963
1555092994.51, 23.514702, 1.541006
1555092995.52, 23.516735, 1.538770
1555092996.52, 23.517782, 1.539278
1555092997.52, 23.511339, 1.541581
1555092998.52, 23.500082, 1.540569
1555092999.53, 23.513824, 1.540762
1555093000.53, 23.509830, 1.541644
1555093001.53, 23.516960, 1.540608
1555093002.54, 23.511887, 1.541200
1555093003.54, 23.518389, 1.541022
1555093004.54, 23.527733, 1.541299
1555093005.54, 23.515049, 1.542013
1555093006.55, 23.514164, 1.540699
1555093007.55, 23.513332, 1.541583
1555093008.55, 23.516256, 1.540753
1555093009.55, 23.518982, 1.540910
1555093010.56, 23.523726, 1.541455
1555093011.56, 23.520720, 1.540717
1555093012.56, 23.526005, 1.541202
1555093013.56, 23.526747, 1.540954
1555093014.57, 23.517023, 1.540894
1555093015.57, 23.497339, 1.541762
1555093016.57, 23.518358, 1.541608
1555093017.58, 23.517097, 1.541568
1555093018.58, 23.527344, 1.540541
1555093019.58, 23.516335, 1.541642
1555093020.58, 23.519918, 1.540834
1555093021.59, 23.516222, 1.540837
1555093022.59, 23.520029, 1.540308
1555093023.59, 23.524981, 1.540087
1555093024.6, 23.534538, 1.541057
1555093025.6, 23.543167, 1.540579
1555093026.6, 23.531210, 1.542168
1555093027.61, 23.523598, 1.541686
1555093028.61, 23.522800, 1.540831
1555093029.61, 23.531265, 1.540050
1555093030.61, 23.539845, 1.540550
1555093031.62, 23.526955, 1.540668
1555093032.62, 23.535957, 1.541334
1555093033.62, 23.540501, 1.541654
1555093034.63, 23.529457, 1.540900
1555093035.63, 23.523935, 1.541251
1555093036.63, 23.534130, 1.540863
1555093037.64, 23.530531, 1.541879
1555093038.64, 23.541794, 1.540442
1555093039.64, 23.536758, 1.541886
1555093040.64, 23.545448, 1.540053
1555093041.65, 23.518454, 1.540457
1555093042.65, 23.530022, 1.540461
1555093043.66, 23.550079, 1.540461
1555093044.66, 23.546677, 1.540069
1555093045.66, 23.528574, 1.541573
1555093046.67, 23.522881, 1.540295
1555093047.67, 23.552582, 1.539386
1555093048.67, 23.534803, 1.539336
1555093049.68, 23.529476, 1.539281
1555093050.68, 23.540751, 1.538618
1555093051.68, 23.522991, 1.539205
1555093052.68, 23.535152, 1.539089
1555093053.69, 23.544472, 1.538503
1555093054.69, 23.543331, 1.538954
1555093055.69, 23.533783, 1.537942
1555093056.69, 23.550615, 1.539726
1555093057.7, 23.543325, 1.539507
1555093058.7, 23.546652, 1.540093
1555093059.7, 23.544090, 1.539725
1555093060.71, 23.555222, 1.540444
1555093061.71, 23.555092, 1.540586
1555093062.71, 23.535397, 1.539383
1555093063.72, 23.554628, 1.539159
1555093064.72, 23.543587, 1.539699
1555093065.72, 23.537580, 1.538675
1555093066.73, 23.552357, 1.540249
1555093067.73, 23.548931, 1.539915
1555093068.73, 23.546854, 1.539040
1555093069.73, 23.547943, 1.538895
1555093070.74, 23.534904, 1.539424
1555093071.74, 23.526348, 1.539163
1555093072.75, 23.539574, 1.539502
1555093073.75, 23.541481, 1.540091
1555093074.75, 23.544346, 1.540100
1555093075.75, 23.537279, 1.539788
1555093076.76, 23.554047, 1.539302
1555093077.76, 23.549025, 1.539278
1555093078.76, 23.547215, 1.539754
1555093079.76, 23.534750, 1.538879
1555093080.77, 23.545088, 1.538599
1555093081.77, 23.543871, 1.540526
1555093082.77, 23.547644, 1.539424
1555093083.77, 23.555386, 1.539715
1555093084.78, 23.562401, 1.538647
1555093085.78, 23.564308, 1.537654
1555093086.78, 23.555773, 1.539254
1555093087.78, 23.559536, 1.539271
1555093088.79, 23.557335, 1.539555
1555093089.79, 23.541298, 1.538035
1555093090.79, 23.542545, 1.539237
1555093091.8, 23.560093, 1.538770
1555093092.8, 23.552773, 1.539176
1555093093.8, 23.551859, 1.539967
1555093094.81, 23.546227, 1.539465
1555093095.81, 23.555538, 1.539734
1555093096.81, 23.549458, 1.539382
1555093097.81, 23.541433, 1.539351
1555093098.82, 23.556854, 1.539077
1555093099.82, 23.554789, 1.538776
1555093100.83, 23.560381, 1.539042
1555093101.83, 23.543705, 1.539366
1555093102.83, 23.551853, 1.540209
1555093103.84, 23.559240, 1.539717
1555093104.84, 23.570335, 1.538671
1555093105.84, 23.558083, 1.540060
1555093106.85, 23.556175, 1.539056
1555093107.85, 23.578928, 1.539331
1555093108.85, 23.564213, 1.540124
1555093109.85, 23.570303, 1.540794
1555093110.86, 23.562569, 1.540250
1555093111.86, 23.571083, 1.539999
1555093112.86, 23.564054, 1.539139
1555093113.87, 23.555515, 1.538970
1555093114.87, 23.569323, 1.538652
1555093115.87, 23.571972, 1.539461
1555093116.88, 23.570164, 1.540433
1555093117.88, 23.561665, 1.539132
1555093118.88, 23.558947, 1.538680
1555093119.89, 23.555239, 1.538522
1555093120.89, 23.573685, 1.539397
1555093121.89, 23.571344, 1.539150
1555093122.89, 23.573730, 1.539556
1555093123.9, 23.580631, 1.539376
1555093124.9, 23.569777, 1.538255
1555093125.9, 23.572639, 1.537487
1555093126.9, 23.552177, 1.538784
1555093127.91, 23.557760, 1.538509
1555093128.91, 23.559963, 1.538618
1555093129.91, 23.568508, 1.539260
1555093130.91, 23.555578, 1.539205
1555093131.92, 23.568293, 1.539299
1555093132.92, 23.573532, 1.538934
1555093133.92, 23.572197, 1.538735
1555093134.93, 23.581339, 1.539619
1555093135.93, 23.572277, 1.539845
1555093136.93, 23.561489, 1.539459
1555093137.94, 23.587542, 1.540027
1555093138.94, 23.582184, 1.540059
1555093139.94, 23.569899, 1.540310
1555093140.94, 23.567762, 1.539938
1555093141.95, 23.561502, 1.539756
1555093142.95, 23.559031, 1.540259
1555093143.95, 23.581879, 1.539704
1555093144.96, 23.569859, 1.540935
1555093145.96, 23.578749, 1.539261
1555093146.96, 23.586849, 1.538213
1555093147.96, 23.576250, 1.538901
1555093148.97, 23.586061, 1.539163
1555093149.97, 23.585440, 1.540565
1555093150.97, 23.579054, 1.539776
1555093151.98, 23.589516, 1.539491
1555093152.98, 23.581631, 1.540073
1555093153.98, 23.570879, 1.539306
1555093154.98, 23.587820, 1.539337
1555093155.99, 23.591728, 1.539404
1555093156.99, 23.579254, 1.540249
1555093157.99, 23.571419, 1.539905
1555093159.0, 23.584463, 1.539456
1555093160.0, 23.591656, 1.537864
1555093161.0, 23.585503, 1.539094
1555093162.0, 23.599020, 1.538627
1555093163.01, 23.592148, 1.539527
1555093164.01, 23.581581, 1.538352
1555093165.01, 23.576881, 1.539696
1555093166.01, 23.581936, 1.539033
1555093167.02, 23.578682, 1.540488
1555093168.02, 23.573238, 1.539634
1555093169.02, 23.579172, 1.538287
1555093170.02, 23.585468, 1.538940
1555093171.03, 23.590542, 1.541052
1555093172.03, 23.607046, 1.540440
1555093173.03, 23.598986, 1.538358
1555093174.03, 23.600048, 1.540391
1555093175.04, 23.591122, 1.540440
1555093176.04, 23.597635, 1.539884
1555093177.04, 23.596279, 1.539844
1555093178.04, 23.587395, 1.540133
1555093179.05, 23.598019, 1.539826
1555093180.05, 23.594080, 1.540112
1555093181.05, 23.595272, 1.540295
1555093182.05, 23.588570, 1.540246
1555093183.06, 23.594872, 1.539677
1555093184.06, 23.585762, 1.539640
1555093185.06, 23.594736, 1.540068
1555093186.07, 23.599802, 1.540292
1555093187.07, 23.592543, 1.540123
1555093188.07, 23.595289, 1.539779
1555093189.07, 23.582371, 1.539090
1555093190.08, 23.593649, 1.538865
1555093191.08, 23.578268, 1.539696
1555093192.08, 23.584248, 1.539621
1555093193.09, 23.579424, 1.539234
1555093194.09, 23.589787, 1.540551
1555093195.09, 23.606045, 1.539721
1555093196.09, 23.594069, 1.539959
1555093197.1, 23.588291, 1.540136
1555093198.1, 23.588463, 1.540616
1555093199.1, 23.601341, 1.539251
1555093200.11, 23.604067, 1.539405
1555093201.11, 23.602806, 1.539793
1555093202.11, 23.589731, 1.539319
1555093203.12, 23.607164, 1.540970
1555093204.12, 23.607344, 1.540805
1555093205.12, 23.600138, 1.538837
1555093206.12, 23.610073, 1.539348
1555093207.13, 23.612312, 1.541150
1555093208.13, 23.601812, 1.538515
1555093209.13, 23.612976, 1.540258
1555093210.14, 23.599754, 1.539096
1555093211.14, 23.608891, 1.540313
1555093212.14, 23.601891, 1.540993
1555093213.14, 23.605751, 1.539552
1555093214.15, 23.611803, 1.539178
1555093215.15, 23.598289, 1.538850
1555093216.15, 23.607767, 1.539831
1555093217.16, 23.607038, 1.539917
1555093218.16, 23.612453, 1.539750
1555093219.16, 23.593153, 1.539460
1555093220.16, 23.606058, 1.541049
1555093221.17, 23.621546, 1.540245
1555093222.17, 23.616625, 1.539409
1555093223.17, 23.603834, 1.540808
1555093224.17, 23.618553, 1.540532
1555093225.18, 23.605728, 1.540637
1555093226.18, 23.617960, 1.539563
1555093227.18, 23.619732, 1.540650
1555093228.19, 23.613668, 1.539427
1555093229.19, 23.614279, 1.539960
1555093230.19, 23.600494, 1.539009
1555093231.19, 23.611158, 1.538894
1555093232.2, 23.611294, 1.539402
1555093233.2, 23.608480, 1.539598
1555093234.2, 23.608080, 1.539202
1555093235.21, 23.613274, 1.540200
1555093236.21, 23.622450, 1.540460
1555093237.22, 23.617897, 1.540675
1555093238.22, 23.620766, 1.539649
1555093239.22, 23.607395, 1.540359
1555093240.23, 23.605377, 1.539073
1555093241.23, 23.609983, 1.540088
1555093242.23, 23.618347, 1.539515
1555093243.23, 23.616112, 1.539065
1555093244.24, 23.619638, 1.539540
1555093245.24, 23.603519, 1.540026
1555093246.24, 23.623592, 1.541278
1555093247.25, 23.617863, 1.540856
1555093248.25, 23.604424, 1.540800
1555093249.25, 23.617495, 1.541112
1555093250.26, 23.615206, 1.541395
1555093251.26, 23.623314, 1.541003
1555093252.26, 23.622812, 1.540738
1555093253.27, 23.618134, 1.539332
1555093254.27, 23.625277, 1.540854
1555093255.27, 23.615618, 1.540447
1555093256.27, 23.622759, 1.539729
1555093257.28, 23.628405, 1.540102
1555093258.28, 23.615957, 1.539852
1555093259.28, 23.621925, 1.541134
1555093260.29, 23.634630, 1.540319
1555093261.29, 23.617783, 1.540571
1555093262.29, 23.614061, 1.539924
1555093263.29, 23.626247, 1.539980
1555093264.3, 23.625027, 1.540097
1555093265.3, 23.629509, 1.540228
1555093266.3, 23.619579, 1.539945
1555093267.3, 23.627781, 1.539734
1555093268.31, 23.622555, 1.540081
1555093269.31, 23.623390, 1.540006
1555093270.31, 23.633646, 1.539907
1555093271.32, 23.627502, 1.539606
1555093272.32, 23.629625, 1.539505
1555093273.32, 23.641794, 1.539851
1555093274.33, 23.643930, 1.540591
1555093275.33, 23.632181, 1.540599
1555093276.33, 23.613976, 1.540008
1555093277.33, 23.645893, 1.540217
1555093278.33, 23.633945, 1.541952
1555093279.34, 23.636444, 1.541668
1555093280.34, 23.630028, 1.540038
1555093281.34, 23.630028, 1.540009
1555093282.35, 23.632698, 1.540083
1555093283.35, 23.626915, 1.541051
1555093284.35, 23.627695, 1.539783
1555093285.35, 23.635466, 1.540290
1555093286.36, 23.634460, 1.539101
1555093287.36, 23.628124, 1.539534
1555093288.36, 23.640591, 1.540210
1555093289.36, 23.647989, 1.539872
1555093290.37, 23.636343, 1.539651
1555093291.37, 23.649864, 1.539672
1555093292.37, 23.629402, 1.540420
1555093293.38, 23.634712, 1.540305
1555093294.38, 23.638941, 1.539175
1555093295.38, 23.625553, 1.539050
1555093296.39, 23.624361, 1.540526
1555093297.39, 23.631674, 1.540739
1555093298.39, 23.625988, 1.538834
1555093299.39, 23.632572, 1.539912
1555093300.4, 23.635715, 1.541662
1555093301.4, 23.639761, 1.540066
1555093302.4, 23.633080, 1.540316
1555093303.41, 23.648211, 1.541300
1555093304.41, 23.646067, 1.539991
1555093305.41, 23.655613, 1.540836
1555093306.41, 23.634064, 1.541284
1555093307.42, 23.641802, 1.541658
1555093308.42, 23.642298, 1.540625
1555093309.42, 23.643303, 1.540904
1555093310.43, 23.630493, 1.541290
1555093311.43, 23.645592, 1.540519
1555093312.43, 23.636576, 1.540358
1555093313.44, 23.646740, 1.539649
1555093314.44, 23.655020, 1.541644
1555093315.44, 23.637234, 1.540423
1555093316.44, 23.636610, 1.540779
1555093317.45, 23.640671, 1.539373
1555093318.45, 23.658852, 1.539871
1555093319.45, 23.654972, 1.540811
1555093320.46, 23.644218, 1.541232
1555093321.46, 23.652042, 1.540536
1555093322.46, 23.639252, 1.539441
1555093323.47, 23.640459, 1.539380
1555093324.47, 23.640327, 1.539444
1555093325.47, 23.649498, 1.539247
1555093326.47, 23.645142, 1.539426
1555093327.48, 23.641903, 1.540421
1555093328.48, 23.657875, 1.539123
1555093329.48, 23.647800, 1.539280
1555093330.48, 23.639378, 1.539366
1555093331.49, 23.650093, 1.540426
1555093332.49, 23.644356, 1.539286
1555093333.49, 23.641468, 1.539297
1555093334.5, 23.645630, 1.539869
1555093335.5, 23.639200, 1.540195
1555093336.5, 23.652561, 1.539867
1555093337.5, 23.648546, 1.539732
1555093338.51, 23.640541, 1.540709
1555093339.51, 23.653891, 1.539892
1555093340.51, 23.663670, 1.540616
1555093341.52, 23.648804, 1.540879
1555093342.52, 23.650465, 1.540252
1555093343.52, 23.659111, 1.539894
1555093344.53, 23.658274, 1.539699
1555093345.53, 23.646355, 1.539801
1555093346.53, 23.657410, 1.540366
1555093347.53, 23.655548, 1.539990
1555093348.54, 23.647190, 1.540109
1555093349.54, 23.659935, 1.539355
1555093350.54, 23.650059, 1.540207
1555093351.55, 23.649393, 1.540584
1555093352.55, 23.660542, 1.539625
1555093353.55, 23.658201, 1.539275
1555093354.55, 23.650534, 1.539984
1555093355.56, 23.663448, 1.540389
1555093356.56, 23.660923, 1.539807
1555093357.56, 23.649622, 1.540961
1555093358.57, 23.654476, 1.540720
1555093359.57, 23.657125, 1.540129
1555093360.57, 23.671824, 1.541717
1555093361.58, 23.658783, 1.540340
1555093362.58, 23.672173, 1.540112
1555093363.58, 23.674265, 1.540303
1555093364.58, 23.662991, 1.540877
1555093365.59, 23.675789, 1.541377
1555093366.59, 23.667137, 1.540821
1555093367.59, 23.650047, 1.539892
1555093368.6, 23.656036, 1.541006
1555093369.6, 23.657257, 1.540118
1555093370.6, 23.674156, 1.540675
1555093371.6, 23.671413, 1.539959
1555093372.61, 23.658579, 1.540401
1555093373.61, 23.656563, 1.539417
1555093374.61, 23.654562, 1.539445
1555093375.62, 23.653273, 1.540344
1555093376.62, 23.658241, 1.539995
1555093377.62, 23.682837, 1.539752
1555093378.62, 23.673231, 1.540534
1555093379.63, 23.665836, 1.540200
1555093380.63, 23.660732, 1.540603
1555093381.63, 23.660706, 1.540432
1555093382.64, 23.666492, 1.541644
1555093383.64, 23.678118, 1.540803
1555093384.64, 23.669718, 1.539631
1555093385.65, 23.677219, 1.541273
1555093386.65, 23.681967, 1.541227
1555093387.65, 23.675642, 1.541537
1555093388.65, 23.681904, 1.540035
1555093389.66, 23.682671, 1.538987
1555093390.66, 23.661537, 1.539287
1555093391.66, 23.670956, 1.540607
1555093392.67, 23.674761, 1.540657
1555093393.67, 23.671448, 1.540193
1555093394.67, 23.675808, 1.539657
1555093395.67, 23.673880, 1.541235
1555093396.68, 23.670755, 1.539658
1555093397.68, 23.673384, 1.540285
1555093398.68, 23.677813, 1.539917
1555093399.69, 23.674995, 1.538796
1555093400.69, 23.670166, 1.539316
1555093401.69, 23.677704, 1.539139
1555093402.69, 23.680275, 1.541721
1555093403.7, 23.678907, 1.541443
1555093404.7, 23.673994, 1.540066
1555093405.7, 23.668247, 1.540661
1555093406.71, 23.681541, 1.540769
1555093407.71, 23.680576, 1.539883
1555093408.71, 23.682011, 1.540723
1555093409.71, 23.676060, 1.541053
1555093410.72, 23.674698, 1.540622
1555093411.72, 23.678284, 1.540269
1555093412.72, 23.682486, 1.540511
1555093413.72, 23.682802, 1.540125
1555093414.73, 23.678823, 1.540309
1555093415.73, 23.679539, 1.541052
1555093416.73, 23.664440, 1.539858
1555093417.74, 23.673862, 1.538739
1555093418.74, 23.683802, 1.537760
1555093419.74, 23.681723, 1.540321
1555093420.75, 23.680080, 1.540546
1555093421.75, 23.700430, 1.540552
1555093422.75, 23.681980, 1.540161
1555093423.76, 23.684023, 1.540026
1555093424.76, 23.681742, 1.540480
1555093425.76, 23.680424, 1.540409
1555093426.77, 23.694252, 1.539971
1555093427.77, 23.679224, 1.541147
1555093428.77, 23.674465, 1.539945
1555093429.77, 23.686136, 1.540291
1555093430.78, 23.687286, 1.541037
1555093431.78, 23.695568, 1.539929
1555093432.79, 23.691999, 1.540408
1555093433.79, 23.686913, 1.539933
1555093434.79, 23.688438, 1.539937
1555093435.79, 23.692833, 1.540488
1555093436.8, 23.681454, 1.540288
1555093437.8, 23.688131, 1.539382
1555093438.8, 23.683989, 1.540127
1555093439.81, 23.686340, 1.539897
1555093440.81, 23.680233, 1.540804
1555093441.81, 23.684740, 1.540492
1555093442.81, 23.695963, 1.539282
1555093443.82, 23.684044, 1.539367
1555093444.82, 23.682129, 1.540467
1555093445.82, 23.682997, 1.540737
1555093446.82, 23.703560, 1.540407
1555093447.83, 23.688301, 1.540576
1555093448.83, 23.679993, 1.539272
1555093449.83, 23.701866, 1.540419
1555093450.84, 23.693624, 1.539863
1555093451.84, 23.699005, 1.539719
1555093452.84, 23.695637, 1.539494
1555093453.84, 23.683277, 1.539778
1555093454.85, 23.677534, 1.539272
1555093455.85, 23.683062, 1.539027
1555093456.85, 23.703880, 1.538893
1555093457.86, 23.704735, 1.539110
1555093458.86, 23.696676, 1.540050
1555093459.86, 23.704338, 1.539579
1555093460.87, 23.694529, 1.539504
1555093461.87, 23.695303, 1.539269
1555093462.87, 23.693542, 1.538523
1555093463.87, 23.696878, 1.539762
1555093464.88, 23.700718, 1.539909
1555093465.88, 23.691923, 1.539216
1555093466.88, 23.711472, 1.540321
1555093467.88, 23.703575, 1.538823
1555093468.89, 23.688606, 1.540554
1555093469.89, 23.696495, 1.539144
1555093470.89, 23.708725, 1.540247
1555093471.9, 23.707148, 1.539432
1555093472.9, 23.695433, 1.539743
1555093473.9, 23.688690, 1.540631
1555093474.91, 23.693495, 1.539304
1555093475.91, 23.689219, 1.539850
1555093476.91, 23.710178, 1.540866
1555093477.91, 23.707632, 1.539318
1555093478.92, 23.690144, 1.539673
1555093479.92, 23.707899, 1.539173
1555093480.92, 23.704317, 1.539742
1555093481.93, 23.692558, 1.539766
1555093482.93, 23.697180, 1.538513
1555093483.93, 23.703779, 1.539730
1555093484.94, 23.692602, 1.539483
1555093485.94, 23.696646, 1.539623
1555093486.94, 23.697908, 1.540286
1555093487.94, 23.696043, 1.539627
1555093488.95, 23.710217, 1.539012
1555093489.95, 23.721899, 1.539421
1555093490.95, 23.709951, 1.540698
1555093491.96, 23.705153, 1.540632
1555093492.96, 23.709866, 1.538949
1555093493.96, 23.699799, 1.538885
1555093494.96, 23.702740, 1.538886
1555093495.97, 23.708702, 1.540761
1555093496.97, 23.693161, 1.539749
1555093497.97, 23.700356, 1.538826
1555093498.98, 23.710476, 1.537862
1555093499.98, 23.716652, 1.539899
1555093500.98, 23.714787, 1.539975
1555093501.98, 23.717888, 1.540713
1555093502.99, 23.716732, 1.540610
1555093503.99, 23.696581, 1.540089
1555093504.99, 23.712494, 1.539069
1555093506.0, 23.699299, 1.539819
1555093507.0, 23.710556, 1.538791
1555093508.0, 23.702549, 1.540271
1555093509.0, 23.719042, 1.540851
1555093510.01, 23.720266, 1.539592
1555093511.01, 23.721382, 1.539524
1555093512.01, 23.702417, 1.539676
1555093513.01, 23.703571, 1.539002
1555093514.02, 23.708860, 1.539464
1555093515.02, 23.707115, 1.539249
1555093516.02, 23.722378, 1.540165
1555093517.02, 23.720512, 1.538617
1555093518.02, 23.702843, 1.538873
1555093519.03, 23.729301, 1.539486
1555093520.03, 23.717321, 1.539627
1555093521.03, 23.713905, 1.539760
1555093522.04, 23.713528, 1.539897
1555093523.04, 23.729727, 1.539086
1555093524.04, 23.712564, 1.540745
1555093525.05, 23.703939, 1.540068
1555093526.05, 23.704599, 1.539506
1555093527.05, 23.693285, 1.539450
1555093528.05, 23.716366, 1.541371
1555093529.06, 23.715620, 1.539896
1555093530.06, 23.720909, 1.538574
1555093531.06, 23.709211, 1.538112
1555093532.06, 23.701714, 1.539476
1555093533.07, 23.707651, 1.540490
1555093534.07, 23.712925, 1.539296
1555093535.07, 23.719118, 1.539379
1555093536.08, 23.726315, 1.539621
1555093537.08, 23.718033, 1.539883
1555093538.08, 23.718744, 1.540384
1555093539.08, 23.717842, 1.539616
1555093540.09, 23.711895, 1.539549
1555093541.09, 23.716579, 1.539660
1555093542.09, 23.710850, 1.539620
1555093543.1, 23.700836, 1.539156
1555093544.1, 23.714172, 1.539434
1555093545.1, 23.729099, 1.539479
1555093546.1, 23.722124, 1.538970
1555093547.11, 23.721788, 1.540293
1555093548.11, 23.722420, 1.540493
1555093549.11, 23.726768, 1.540353
1555093550.12, 23.720346, 1.540928
1555093551.12, 23.717552, 1.539204
1555093552.12, 23.736292, 1.539330
1555093553.13, 23.724861, 1.539924
1555093554.13, 23.732229, 1.539623
1555093555.13, 23.726349, 1.539275
1555093556.13, 23.720135, 1.540755
1555093557.14, 23.719261, 1.540918
1555093558.14, 23.721012, 1.540668
1555093559.14, 23.735497, 1.540091
1555093560.15, 23.733486, 1.539278
1555093561.15, 23.750038, 1.539910
1555093562.15, 23.725044, 1.539653
